81 8 0 6 64
2 10 1 5
150 10 0 6

0 4 25 26 34 35
1 4 51 52 60 61
2 4 20 21 29 30
3 4 37 38 46 47
4 4 16 17 25 26
5 4 50 51 59 60
6 4 63 64 72 73
7 4 30 31 39 40
8 9 48 49 50 57 58 59 66 67 68
9 6 66 67 68 75 76 77
10 6 7 8 16 17 25 26
11 6 61 62 70 71 79 80
12 9 50 51 52 59 60 61 68 69 70
13 6 4 5 6 13 14 15
14 4 0 1 9 10
15 4 1 2 10 11
16 4 2 3 11 12
17 4 3 4 12 13
18 4 4 5 13 14
19 4 5 6 14 15
20 4 6 7 15 16
21 4 7 8 16 17
22 4 9 10 18 19
23 4 10 11 19 20
24 4 11 12 20 21
25 4 12 13 21 22
26 4 13 14 22 23
27 4 14 15 23 24
28 4 15 16 24 25
29 4 16 17 25 26
30 4 18 19 27 28
31 4 19 20 28 29
32 4 20 21 29 30
33 4 21 22 30 31
34 4 22 23 31 32
35 4 23 24 32 33
36 4 24 25 33 34
37 4 25 26 34 35
38 4 27 28 36 37
39 4 28 29 37 38
40 4 29 30 38 39
41 4 30 31 39 40
42 4 31 32 40 41
43 4 32 33 41 42
44 4 33 34 42 43
45 4 34 35 43 44
46 4 36 37 45 46
47 4 37 38 46 47
48 4 38 39 47 48
49 4 39 40 48 49
50 4 40 41 49 50
51 4 41 42 50 51
52 4 42 43 51 52
53 4 43 44 52 53
54 4 45 46 54 55
55 4 46 47 55 56
56 4 47 48 56 57
57 4 48 49 57 58
58 4 49 50 58 59
59 4 50 51 59 60
60 4 51 52 60 61
61 4 52 53 61 62
62 4 54 55 63 64
63 4 55 56 64 65
64 4 56 57 65 66
65 4 57 58 66 67
66 4 58 59 67 68
67 4 59 60 68 69
68 4 60 61 69 70
69 4 61 62 70 71
70 4 63 64 72 73
71 4 64 65 73 74
72 4 65 66 74 75
73 4 66 67 75 76
74 4 67 68 76 77
75 4 68 69 77 78
76 4 69 70 78 79
77 4 70 71 79 80

99999 3.81 5.02 6.5 1.12 3.61 8.6 4.61 5.41 6.95 1.12 5.52 4.12 3.2 6.67 5.7 4.74 3.81 2.92 2.12 1.58 1.58 6.52 5.52 4.53 3.54 2.55 1.58 0.71 0.71 6.52 5.52 4.53 3.54 2.55 1.58 0.71 0.71 6.67 5.7 4.74 3.81 2.92 2.12 1.58 1.58 6.96 6.04 5.15 4.3 3.54 2.92 2.55 2.55 7.38 6.52 5.7 4.95 4.3 3.81 3.54 3.54 7.91 7.11 6.36 5.7 5.15 4.74 4.53 4.53 8.51 7.78 7.11 6.52 6.04 5.7 5.52 5.52 
3.81 99999 4.61 4.61 4.61 0.71 5.7 3.91 1.8 3.2 4.72 2.83 0.71 5.59 7.07 6.4 5.83 5.39 5.1 5.0 5.1 5.39 6.4 5.66 5.0 4.47 4.12 4.0 4.12 4.47 5.83 5.0 4.24 3.61 3.16 3.0 3.16 3.61 5.39 4.47 3.61 2.83 2.24 2.0 2.24 2.83 5.1 4.12 3.16 2.24 1.41 1.0 1.41 2.24 5.0 4.0 3.0 2.0 1.0 0.0 1.0 2.0 5.1 4.12 3.16 2.24 1.41 1.0 1.41 2.24 5.39 4.47 3.61 2.83 2.24 2.0 2.24 2.83 
5.02 4.61 99999 2.24 4.74 3.91 4.92 0.71 4.47 5.7 6.08 7.43 5.32 3.54 2.5 2.06 2.06 2.5 3.2 4.03 4.92 5.85 1.8 1.12 1.12 1.8 2.69 3.64 4.61 5.59 1.5 0.5 0.5 1.5 2.5 3.5 4.5 5.5 1.8 1.12 1.12 1.8 2.69 3.64 4.61 5.59 2.5 2.06 2.06 2.5 3.2 4.03 4.92 5.85 3.35 3.04 3.04 3.35 3.91 4.61 5.41 6.26 4.27 4.03 4.03 4.27 4.72 5.32 6.02 6.8 5.22 5.02 5.02 5.22 5.59 6.1 6.73 7.43 
6.5 4.61 2.24 99999 6.52 4.03 2.69 2.12 3.61 4.3 7.62 7.16 5.22 5.7 4.03 4.03 4.27 4.72 5.32 6.02 6.8 7.63 3.04 3.04 3.35 3.91 4.61 5.41 6.26 7.16 2.06 2.06 2.5 3.2 4.03 4.92 5.85 6.8 1.12 1.12 1.8 2.69 3.64 4.61 5.59 6.58 0.5 0.5 1.5 2.5 3.5 4.5 5.5 6.5 1.12 1.12 1.8 2.69 3.64 4.61 5.59 6.58 2.06 2.06 2.5 3.2 4.03 4.92 5.85 6.8 3.04 3.04 3.35 3.91 4.61 5.41 6.26 7.16 
1.12 4.61 4.74 6.52 99999 4.27 8.85 4.47 6.04 7.62 1.58 6.58 5.02 2.24 6.02 5.02 4.03 3.04 2.06 1.12 0.5 1.12 6.02 5.02 4.03 3.04 2.06 1.12 0.5 1.12 6.18 5.22 4.27 3.35 2.5 1.8 1.5 1.8 6.5 5.59 4.72 3.91 3.2 2.69 2.5 2.69 6.95 6.1 5.32 4.61 4.03 3.64 3.5 3.64 7.5 6.73 6.02 5.41 4.92 4.61 4.5 4.61 8.14 7.43 6.8 6.26 5.85 5.59 5.5 5.59 8.85 8.2 7.63 7.16 6.8 6.58 6.5 6.58 
3.61 0.71 3.91 4.03 4.27 99999 5.39 3.2 1.8 3.35 4.61 3.54 1.41 5.02 6.36 5.7 5.15 4.74 4.53 4.53 4.74 5.15 5.7 4.95 4.3 3.81 3.54 3.54 3.81 4.3 5.15 4.3 3.54 2.92 2.55 2.55 2.92 3.54 4.74 3.81 2.92 2.12 1.58 1.58 2.12 2.92 4.53 3.54 2.55 1.58 0.71 0.71 1.58 2.55 4.53 3.54 2.55 1.58 0.71 0.71 1.58 2.55 4.74 3.81 2.92 2.12 1.58 1.58 2.12 2.92 5.15 4.3 3.54 2.92 2.55 2.55 2.92 3.54 
8.6 5.7 4.92 2.69 8.85 5.39 99999 4.72 4.03 3.64 9.71 7.52 6.08 8.32 6.52 6.67 6.96 7.38 7.91 8.51 9.19 9.92 5.52 5.7 6.04 6.52 7.11 7.78 8.51 9.3 4.53 4.74 5.15 5.7 6.36 7.11 7.91 8.75 3.54 3.81 4.3 4.95 5.7 6.52 7.38 8.28 2.55 2.92 3.54 4.3 5.15 6.04 6.96 7.91 1.58 2.12 2.92 3.81 4.74 5.7 6.67 7.65 0.71 1.58 2.55 3.54 4.53 5.52 6.52 7.52 0.71 1.58 2.55 3.54 4.53 5.52 6.52 7.52 
4.61 3.91 0.71 2.12 4.47 3.2 4.72 99999 3.81 5.1 5.7 6.73 4.61 3.61 3.2 2.69 2.5 2.69 3.2 3.91 4.72 5.59 2.5 1.8 1.5 1.8 2.5 3.35 4.27 5.22 2.06 1.12 0.5 1.12 2.06 3.04 4.03 5.02 2.06 1.12 0.5 1.12 2.06 3.04 4.03 5.02 2.5 1.8 1.5 1.8 2.5 3.35 4.27 5.22 3.2 2.69 2.5 2.69 3.2 3.91 4.72 5.59 4.03 3.64 3.5 3.64 4.03 4.61 5.32 6.1 4.92 4.61 4.5 4.61 4.92 5.41 6.02 6.73 
5.41 1.8 4.47 3.61 6.04 1.8 4.03 3.81 99999 1.58 6.4 3.64 2.06 6.52 6.95 6.5 6.18 6.02 6.02 6.18 6.5 6.95 6.1 5.59 5.22 5.02 5.02 5.22 5.59 6.1 5.32 4.72 4.27 4.03 4.03 4.27 4.72 5.32 4.61 3.91 3.35 3.04 3.04 3.35 3.91 4.61 4.03 3.2 2.5 2.06 2.06 2.5 3.2 4.03 3.64 2.69 1.8 1.12 1.12 1.8 2.69 3.64 3.5 2.5 1.5 0.5 0.5 1.5 2.5 3.5 3.64 2.69 1.8 1.12 1.12 1.8 2.69 3.64 
6.95 3.2 5.7 4.3 7.62 3.35 3.64 5.1 1.58 99999 7.91 4.03 3.2 8.06 8.08 7.76 7.57 7.5 7.57 7.76 8.08 8.5 7.16 6.8 6.58 6.5 6.58 6.8 7.16 7.63 6.26 5.85 5.59 5.5 5.59 5.85 6.26 6.8 5.41 4.92 4.61 4.5 4.61 4.92 5.41 6.02 4.61 4.03 3.64 3.5 3.64 4.03 4.61 5.32 3.91 3.2 2.69 2.5 2.69 3.2 3.91 4.72 3.35 2.5 1.8 1.5 1.8 2.5 3.35 4.27 3.04 2.06 1.12 0.5 1.12 2.06 3.04 4.03 
1.12 4.72 6.08 7.62 1.58 4.61 9.71 5.7 6.4 7.91 99999 6.02 4.92 3.81 7.57 6.58 5.59 4.61 3.64 2.69 1.8 1.12 7.5 6.5 5.5 4.5 3.5 2.5 1.5 0.5 7.57 6.58 5.59 4.61 3.64 2.69 1.8 1.12 7.76 6.8 5.85 4.92 4.03 3.2 2.5 2.06 8.08 7.16 6.26 5.41 4.61 3.91 3.35 3.04 8.5 7.63 6.8 6.02 5.32 4.72 4.27 4.03 9.01 8.2 7.43 6.73 6.1 5.59 5.22 5.02 9.6 8.85 8.14 7.5 6.95 6.5 6.18 6.02 
5.52 2.83 7.43 7.16 6.58 3.54 7.52 6.73 3.64 4.03 6.02 99999 2.12 8.08 9.9 9.22 8.6 8.06 7.62 7.28 7.07 7.0 9.22 8.49 7.81 7.21 6.71 6.32 6.08 6.0 8.6 7.81 7.07 6.4 5.83 5.39 5.1 5.0 8.06 7.21 6.4 5.66 5.0 4.47 4.12 4.0 7.62 6.71 5.83 5.0 4.24 3.61 3.16 3.0 7.28 6.32 5.39 4.47 3.61 2.83 2.24 2.0 7.07 6.08 5.1 4.12 3.16 2.24 1.41 1.0 7.0 6.0 5.0 4.0 3.0 2.0 1.0 0.0 
4.12 0.71 5.32 5.22 5.02 1.41 6.08 4.61 2.06 3.2 4.92 2.12 99999 6.18 7.78 7.11 6.52 6.04 5.7 5.52 5.52 5.7 7.11 6.36 5.7 5.15 4.74 4.53 4.53 4.74 6.52 5.7 4.95 4.3 3.81 3.54 3.54 3.81 6.04 5.15 4.3 3.54 2.92 2.55 2.55 2.92 5.7 4.74 3.81 2.92 2.12 1.58 1.58 2.12 5.52 4.53 3.54 2.55 1.58 0.71 0.71 1.58 5.52 4.53 3.54 2.55 1.58 0.71 0.71 1.58 5.7 4.74 3.81 2.92 2.12 1.58 1.58 2.12 
3.2 5.59 3.54 5.7 2.24 5.02 8.32 3.61 6.52 8.06 3.81 8.08 6.18 99999 4.03 3.04 2.06 1.12 0.5 1.12 2.06 3.04 4.27 3.35 2.5 1.8 1.5 1.8 2.5 3.35 4.72 3.91 3.2 2.69 2.5 2.69 3.2 3.91 5.32 4.61 4.03 3.64 3.5 3.64 4.03 4.61 6.02 5.41 4.92 4.61 4.5 4.61 4.92 5.41 6.8 6.26 5.85 5.59 5.5 5.59 5.85 6.26 7.63 7.16 6.8 6.58 6.5 6.58 6.8 7.16 8.5 8.08 7.76 7.57 7.5 7.57 7.76 8.08 
6.67 7.07 2.5 4.03 6.02 6.36 6.52 3.2 6.95 8.08 7.57 9.9 7.78 4.03 99999 1.0 2.0 3.0 4.0 5.0 6.0 7.0 1.0 1.41 2.24 3.16 4.12 5.1 6.08 7.07 2.0 2.24 2.83 3.61 4.47 5.39 6.32 7.28 3.0 3.16 3.61 4.24 5.0 5.83 6.71 7.62 4.0 4.12 4.47 5.0 5.66 6.4 7.21 8.06 5.0 5.1 5.39 5.83 6.4 7.07 7.81 8.6 6.0 6.08 6.32 6.71 7.21 7.81 8.49 9.22 7.0 7.07 7.28 7.62 8.06 8.6 9.22 9.9 
5.7 6.4 2.06 4.03 5.02 5.7 6.67 2.69 6.5 7.76 6.58 9.22 7.11 3.04 1.0 99999 1.0 2.0 3.0 4.0 5.0 6.0 1.41 1.0 1.41 2.24 3.16 4.12 5.1 6.08 2.24 2.0 2.24 2.83 3.61 4.47 5.39 6.32 3.16 3.0 3.16 3.61 4.24 5.0 5.83 6.71 4.12 4.0 4.12 4.47 5.0 5.66 6.4 7.21 5.1 5.0 5.1 5.39 5.83 6.4 7.07 7.81 6.08 6.0 6.08 6.32 6.71 7.21 7.81 8.49 7.07 7.0 7.07 7.28 7.62 8.06 8.6 9.22 
4.74 5.83 2.06 4.27 4.03 5.15 6.96 2.5 6.18 7.57 5.59 8.6 6.52 2.06 2.0 1.0 99999 1.0 2.0 3.0 4.0 5.0 2.24 1.41 1.0 1.41 2.24 3.16 4.12 5.1 2.83 2.24 2.0 2.24 2.83 3.61 4.47 5.39 3.61 3.16 3.0 3.16 3.61 4.24 5.0 5.83 4.47 4.12 4.0 4.12 4.47 5.0 5.66 6.4 5.39 5.1 5.0 5.1 5.39 5.83 6.4 7.07 6.32 6.08 6.0 6.08 6.32 6.71 7.21 7.81 7.28 7.07 7.0 7.07 7.28 7.62 8.06 8.6 
3.81 5.39 2.5 4.72 3.04 4.74 7.38 2.69 6.02 7.5 4.61 8.06 6.04 1.12 3.0 2.0 1.0 99999 1.0 2.0 3.0 4.0 3.16 2.24 1.41 1.0 1.41 2.24 3.16 4.12 3.61 2.83 2.24 2.0 2.24 2.83 3.61 4.47 4.24 3.61 3.16 3.0 3.16 3.61 4.24 5.0 5.0 4.47 4.12 4.0 4.12 4.47 5.0 5.66 5.83 5.39 5.1 5.0 5.1 5.39 5.83 6.4 6.71 6.32 6.08 6.0 6.08 6.32 6.71 7.21 7.62 7.28 7.07 7.0 7.07 7.28 7.62 8.06 
2.92 5.1 3.2 5.32 2.06 4.53 7.91 3.2 6.02 7.57 3.64 7.62 5.7 0.5 4.0 3.0 2.0 1.0 99999 1.0 2.0 3.0 4.12 3.16 2.24 1.41 1.0 1.41 2.24 3.16 4.47 3.61 2.83 2.24 2.0 2.24 2.83 3.61 5.0 4.24 3.61 3.16 3.0 3.16 3.61 4.24 5.66 5.0 4.47 4.12 4.0 4.12 4.47 5.0 6.4 5.83 5.39 5.1 5.0 5.1 5.39 5.83 7.21 6.71 6.32 6.08 6.0 6.08 6.32 6.71 8.06 7.62 7.28 7.07 7.0 7.07 7.28 7.62 
2.12 5.0 4.03 6.02 1.12 4.53 8.51 3.91 6.18 7.76 2.69 7.28 5.52 1.12 5.0 4.0 3.0 2.0 1.0 99999 1.0 2.0 5.1 4.12 3.16 2.24 1.41 1.0 1.41 2.24 5.39 4.47 3.61 2.83 2.24 2.0 2.24 2.83 5.83 5.0 4.24 3.61 3.16 3.0 3.16 3.61 6.4 5.66 5.0 4.47 4.12 4.0 4.12 4.47 7.07 6.4 5.83 5.39 5.1 5.0 5.1 5.39 7.81 7.21 6.71 6.32 6.08 6.0 6.08 6.32 8.6 8.06 7.62 7.28 7.07 7.0 7.07 7.28 
1.58 5.1 4.92 6.8 0.5 4.74 9.19 4.72 6.5 8.08 1.8 7.07 5.52 2.06 6.0 5.0 4.0 3.0 2.0 1.0 99999 1.0 6.08 5.1 4.12 3.16 2.24 1.41 1.0 1.41 6.32 5.39 4.47 3.61 2.83 2.24 2.0 2.24 6.71 5.83 5.0 4.24 3.61 3.16 3.0 3.16 7.21 6.4 5.66 5.0 4.47 4.12 4.0 4.12 7.81 7.07 6.4 5.83 5.39 5.1 5.0 5.1 8.49 7.81 7.21 6.71 6.32 6.08 6.0 6.08 9.22 8.6 8.06 7.62 7.28 7.07 7.0 7.07 
1.58 5.39 5.85 7.63 1.12 5.15 9.92 5.59 6.95 8.5 1.12 7.0 5.7 3.04 7.0 6.0 5.0 4.0 3.0 2.0 1.0 99999 7.07 6.08 5.1 4.12 3.16 2.24 1.41 1.0 7.28 6.32 5.39 4.47 3.61 2.83 2.24 2.0 7.62 6.71 5.83 5.0 4.24 3.61 3.16 3.0 8.06 7.21 6.4 5.66 5.0 4.47 4.12 4.0 8.6 7.81 7.07 6.4 5.83 5.39 5.1 5.0 9.22 8.49 7.81 7.21 6.71 6.32 6.08 6.0 9.9 9.22 8.6 8.06 7.62 7.28 7.07 7.0 
6.52 6.4 1.8 3.04 6.02 5.7 5.52 2.5 6.1 7.16 7.5 9.22 7.11 4.27 1.0 1.41 2.24 3.16 4.12 5.1 6.08 7.07 99999 1.0 2.0 3.0 4.0 5.0 6.0 7.0 1.0 1.41 2.24 3.16 4.12 5.1 6.08 7.07 2.0 2.24 2.83 3.61 4.47 5.39 6.32 7.28 3.0 3.16 3.61 4.24 5.0 5.83 6.71 7.62 4.0 4.12 4.47 5.0 5.66 6.4 7.21 8.06 5.0 5.1 5.39 5.83 6.4 7.07 7.81 8.6 6.0 6.08 6.32 6.71 7.21 7.81 8.49 9.22 
5.52 5.66 1.12 3.04 5.02 4.95 5.7 1.8 5.59 6.8 6.5 8.49 6.36 3.35 1.41 1.0 1.41 2.24 3.16 4.12 5.1 6.08 1.0 99999 1.0 2.0 3.0 4.0 5.0 6.0 1.41 1.0 1.41 2.24 3.16 4.12 5.1 6.08 2.24 2.0 2.24 2.83 3.61 4.47 5.39 6.32 3.16 3.0 3.16 3.61 4.24 5.0 5.83 6.71 4.12 4.0 4.12 4.47 5.0 5.66 6.4 7.21 5.1 5.0 5.1 5.39 5.83 6.4 7.07 7.81 6.08 6.0 6.08 6.32 6.71 7.21 7.81 8.49 
4.53 5.0 1.12 3.35 4.03 4.3 6.04 1.5 5.22 6.58 5.5 7.81 5.7 2.5 2.24 1.41 1.0 1.41 2.24 3.16 4.12 5.1 2.0 1.0 99999 1.0 2.0 3.0 4.0 5.0 2.24 1.41 1.0 1.41 2.24 3.16 4.12 5.1 2.83 2.24 2.0 2.24 2.83 3.61 4.47 5.39 3.61 3.16 3.0 3.16 3.61 4.24 5.0 5.83 4.47 4.12 4.0 4.12 4.47 5.0 5.66 6.4 5.39 5.1 5.0 5.1 5.39 5.83 6.4 7.07 6.32 6.08 6.0 6.08 6.32 6.71 7.21 7.81 
3.54 4.47 1.8 3.91 3.04 3.81 6.52 1.8 5.02 6.5 4.5 7.21 5.15 1.8 3.16 2.24 1.41 1.0 1.41 2.24 3.16 4.12 3.0 2.0 1.0 99999 1.0 2.0 3.0 4.0 3.16 2.24 1.41 1.0 1.41 2.24 3.16 4.12 3.61 2.83 2.24 2.0 2.24 2.83 3.61 4.47 4.24 3.61 3.16 3.0 3.16 3.61 4.24 5.0 5.0 4.47 4.12 4.0 4.12 4.47 5.0 5.66 5.83 5.39 5.1 5.0 5.1 5.39 5.83 6.4 6.71 6.32 6.08 6.0 6.08 6.32 6.71 7.21 
2.55 4.12 2.69 4.61 2.06 3.54 7.11 2.5 5.02 6.58 3.5 6.71 4.74 1.5 4.12 3.16 2.24 1.41 1.0 1.41 2.24 3.16 4.0 3.0 2.0 1.0 99999 1.0 2.0 3.0 4.12 3.16 2.24 1.41 1.0 1.41 2.24 3.16 4.47 3.61 2.83 2.24 2.0 2.24 2.83 3.61 5.0 4.24 3.61 3.16 3.0 3.16 3.61 4.24 5.66 5.0 4.47 4.12 4.0 4.12 4.47 5.0 6.4 5.83 5.39 5.1 5.0 5.1 5.39 5.83 7.21 6.71 6.32 6.08 6.0 6.08 6.32 6.71 
1.58 4.0 3.64 5.41 1.12 3.54 7.78 3.35 5.22 6.8 2.5 6.32 4.53 1.8 5.1 4.12 3.16 2.24 1.41 1.0 1.41 2.24 5.0 4.0 3.0 2.0 1.0 99999 1.0 2.0 5.1 4.12 3.16 2.24 1.41 1.0 1.41 2.24 5.39 4.47 3.61 2.83 2.24 2.0 2.24 2.83 5.83 5.0 4.24 3.61 3.16 3.0 3.16 3.61 6.4 5.66 5.0 4.47 4.12 4.0 4.12 4.47 7.07 6.4 5.83 5.39 5.1 5.0 5.1 5.39 7.81 7.21 6.71 6.32 6.08 6.0 6.08 6.32 
0.71 4.12 4.61 6.26 0.5 3.81 8.51 4.27 5.59 7.16 1.5 6.08 4.53 2.5 6.08 5.1 4.12 3.16 2.24 1.41 1.0 1.41 6.0 5.0 4.0 3.0 2.0 1.0 99999 1.0 6.08 5.1 4.12 3.16 2.24 1.41 1.0 1.41 6.32 5.39 4.47 3.61 2.83 2.24 2.0 2.24 6.71 5.83 5.0 4.24 3.61 3.16 3.0 3.16 7.21 6.4 5.66 5.0 4.47 4.12 4.0 4.12 7.81 7.07 6.4 5.83 5.39 5.1 5.0 5.1 8.49 7.81 7.21 6.71 6.32 6.08 6.0 6.08 
0.71 4.47 5.59 7.16 1.12 4.3 9.3 5.22 6.1 7.63 0.5 6.0 4.74 3.35 7.07 6.08 5.1 4.12 3.16 2.24 1.41 1.0 7.0 6.0 5.0 4.0 3.0 2.0 1.0 99999 7.07 6.08 5.1 4.12 3.16 2.24 1.41 1.0 7.28 6.32 5.39 4.47 3.61 2.83 2.24 2.0 7.62 6.71 5.83 5.0 4.24 3.61 3.16 3.0 8.06 7.21 6.4 5.66 5.0 4.47 4.12 4.0 8.6 7.81 7.07 6.4 5.83 5.39 5.1 5.0 9.22 8.49 7.81 7.21 6.71 6.32 6.08 6.0 
6.52 5.83 1.5 2.06 6.18 5.15 4.53 2.06 5.32 6.26 7.57 8.6 6.52 4.72 2.0 2.24 2.83 3.61 4.47 5.39 6.32 7.28 1.0 1.41 2.24 3.16 4.12 5.1 6.08 7.07 99999 1.0 2.0 3.0 4.0 5.0 6.0 7.0 1.0 1.41 2.24 3.16 4.12 5.1 6.08 7.07 2.0 2.24 2.83 3.61 4.47 5.39 6.32 7.28 3.0 3.16 3.61 4.24 5.0 5.83 6.71 7.62 4.0 4.12 4.47 5.0 5.66 6.4 7.21 8.06 5.0 5.1 5.39 5.83 6.4 7.07 7.81 8.6 
5.52 5.0 0.5 2.06 5.22 4.3 4.74 1.12 4.72 5.85 6.58 7.81 5.7 3.91 2.24 2.0 2.24 2.83 3.61 4.47 5.39 6.32 1.41 1.0 1.41 2.24 3.16 4.12 5.1 6.08 1.0 99999 1.0 2.0 3.0 4.0 5.0 6.0 1.41 1.0 1.41 2.24 3.16 4.12 5.1 6.08 2.24 2.0 2.24 2.83 3.61 4.47 5.39 6.32 3.16 3.0 3.16 3.61 4.24 5.0 5.83 6.71 4.12 4.0 4.12 4.47 5.0 5.66 6.4 7.21 5.1 5.0 5.1 5.39 5.83 6.4 7.07 7.81 
4.53 4.24 0.5 2.5 4.27 3.54 5.15 0.5 4.27 5.59 5.59 7.07 4.95 3.2 2.83 2.24 2.0 2.24 2.83 3.61 4.47 5.39 2.24 1.41 1.0 1.41 2.24 3.16 4.12 5.1 2.0 1.0 99999 1.0 2.0 3.0 4.0 5.0 2.24 1.41 1.0 1.41 2.24 3.16 4.12 5.1 2.83 2.24 2.0 2.24 2.83 3.61 4.47 5.39 3.61 3.16 3.0 3.16 3.61 4.24 5.0 5.83 4.47 4.12 4.0 4.12 4.47 5.0 5.66 6.4 5.39 5.1 5.0 5.1 5.39 5.83 6.4 7.07 
3.54 3.61 1.5 3.2 3.35 2.92 5.7 1.12 4.03 5.5 4.61 6.4 4.3 2.69 3.61 2.83 2.24 2.0 2.24 2.83 3.61 4.47 3.16 2.24 1.41 1.0 1.41 2.24 3.16 4.12 3.0 2.0 1.0 99999 1.0 2.0 3.0 4.0 3.16 2.24 1.41 1.0 1.41 2.24 3.16 4.12 3.61 2.83 2.24 2.0 2.24 2.83 3.61 4.47 4.24 3.61 3.16 3.0 3.16 3.61 4.24 5.0 5.0 4.47 4.12 4.0 4.12 4.47 5.0 5.66 5.83 5.39 5.1 5.0 5.1 5.39 5.83 6.4 
2.55 3.16 2.5 4.03 2.5 2.55 6.36 2.06 4.03 5.59 3.64 5.83 3.81 2.5 4.47 3.61 2.83 2.24 2.0 2.24 2.83 3.61 4.12 3.16 2.24 1.41 1.0 1.41 2.24 3.16 4.0 3.0 2.0 1.0 99999 1.0 2.0 3.0 4.12 3.16 2.24 1.41 1.0 1.41 2.24 3.16 4.47 3.61 2.83 2.24 2.0 2.24 2.83 3.61 5.0 4.24 3.61 3.16 3.0 3.16 3.61 4.24 5.66 5.0 4.47 4.12 4.0 4.12 4.47 5.0 6.4 5.83 5.39 5.1 5.0 5.1 5.39 5.83 
1.58 3.0 3.5 4.92 1.8 2.55 7.11 3.04 4.27 5.85 2.69 5.39 3.54 2.69 5.39 4.47 3.61 2.83 2.24 2.0 2.24 2.83 5.1 4.12 3.16 2.24 1.41 1.0 1.41 2.24 5.0 4.0 3.0 2.0 1.0 99999 1.0 2.0 5.1 4.12 3.16 2.24 1.41 1.0 1.41 2.24 5.39 4.47 3.61 2.83 2.24 2.0 2.24 2.83 5.83 5.0 4.24 3.61 3.16 3.0 3.16 3.61 6.4 5.66 5.0 4.47 4.12 4.0 4.12 4.47 7.07 6.4 5.83 5.39 5.1 5.0 5.1 5.39 
0.71 3.16 4.5 5.85 1.5 2.92 7.91 4.03 4.72 6.26 1.8 5.1 3.54 3.2 6.32 5.39 4.47 3.61 2.83 2.24 2.0 2.24 6.08 5.1 4.12 3.16 2.24 1.41 1.0 1.41 6.0 5.0 4.0 3.0 2.0 1.0 99999 1.0 6.08 5.1 4.12 3.16 2.24 1.41 1.0 1.41 6.32 5.39 4.47 3.61 2.83 2.24 2.0 2.24 6.71 5.83 5.0 4.24 3.61 3.16 3.0 3.16 7.21 6.4 5.66 5.0 4.47 4.12 4.0 4.12 7.81 7.07 6.4 5.83 5.39 5.1 5.0 5.1 
0.71 3.61 5.5 6.8 1.8 3.54 8.75 5.02 5.32 6.8 1.12 5.0 3.81 3.91 7.28 6.32 5.39 4.47 3.61 2.83 2.24 2.0 7.07 6.08 5.1 4.12 3.16 2.24 1.41 1.0 7.0 6.0 5.0 4.0 3.0 2.0 1.0 99999 7.07 6.08 5.1 4.12 3.16 2.24 1.41 1.0 7.28 6.32 5.39 4.47 3.61 2.83 2.24 2.0 7.62 6.71 5.83 5.0 4.24 3.61 3.16 3.0 8.06 7.21 6.4 5.66 5.0 4.47 4.12 4.0 8.6 7.81 7.07 6.4 5.83 5.39 5.1 5.0 
6.67 5.39 1.8 1.12 6.5 4.74 3.54 2.06 4.61 5.41 7.76 8.06 6.04 5.32 3.0 3.16 3.61 4.24 5.0 5.83 6.71 7.62 2.0 2.24 2.83 3.61 4.47 5.39 6.32 7.28 1.0 1.41 2.24 3.16 4.12 5.1 6.08 7.07 99999 1.0 2.0 3.0 4.0 5.0 6.0 7.0 1.0 1.41 2.24 3.16 4.12 5.1 6.08 7.07 2.0 2.24 2.83 3.61 4.47 5.39 6.32 7.28 3.0 3.16 3.61 4.24 5.0 5.83 6.71 7.62 4.0 4.12 4.47 5.0 5.66 6.4 7.21 8.06 
5.7 4.47 1.12 1.12 5.59 3.81 3.81 1.12 3.91 4.92 6.8 7.21 5.15 4.61 3.16 3.0 3.16 3.61 4.24 5.0 5.83 6.71 2.24 2.0 2.24 2.83 3.61 4.47 5.39 6.32 1.41 1.0 1.41 2.24 3.16 4.12 5.1 6.08 1.0 99999 1.0 2.0 3.0 4.0 5.0 6.0 1.41 1.0 1.41 2.24 3.16 4.12 5.1 6.08 2.24 2.0 2.24 2.83 3.61 4.47 5.39 6.32 3.16 3.0 3.16 3.61 4.24 5.0 5.83 6.71 4.12 4.0 4.12 4.47 5.0 5.66 6.4 7.21 
4.74 3.61 1.12 1.8 4.72 2.92 4.3 0.5 3.35 4.61 5.85 6.4 4.3 4.03 3.61 3.16 3.0 3.16 3.61 4.24 5.0 5.83 2.83 2.24 2.0 2.24 2.83 3.61 4.47 5.39 2.24 1.41 1.0 1.41 2.24 3.16 4.12 5.1 2.0 1.0 99999 1.0 2.0 3.0 4.0 5.0 2.24 1.41 1.0 1.41 2.24 3.16 4.12 5.1 2.83 2.24 2.0 2.24 2.83 3.61 4.47 5.39 3.61 3.16 3.0 3.16 3.61 4.24 5.0 5.83 4.47 4.12 4.0 4.12 4.47 5.0 5.66 6.4 
3.81 2.83 1.8 2.69 3.91 2.12 4.95 1.12 3.04 4.5 4.92 5.66 3.54 3.64 4.24 3.61 3.16 3.0 3.16 3.61 4.24 5.0 3.61 2.83 2.24 2.0 2.24 2.83 3.61 4.47 3.16 2.24 1.41 1.0 1.41 2.24 3.16 4.12 3.0 2.0 1.0 99999 1.0 2.0 3.0 4.0 3.16 2.24 1.41 1.0 1.41 2.24 3.16 4.12 3.61 2.83 2.24 2.0 2.24 2.83 3.61 4.47 4.24 3.61 3.16 3.0 3.16 3.61 4.24 5.0 5.0 4.47 4.12 4.0 4.12 4.47 5.0 5.66 
2.92 2.24 2.69 3.64 3.2 1.58 5.7 2.06 3.04 4.61 4.03 5.0 2.92 3.5 5.0 4.24 3.61 3.16 3.0 3.16 3.61 4.24 4.47 3.61 2.83 2.24 2.0 2.24 2.83 3.61 4.12 3.16 2.24 1.41 1.0 1.41 2.24 3.16 4.0 3.0 2.0 1.0 99999 1.0 2.0 3.0 4.12 3.16 2.24 1.41 1.0 1.41 2.24 3.16 4.47 3.61 2.83 2.24 2.0 2.24 2.83 3.61 5.0 4.24 3.61 3.16 3.0 3.16 3.61 4.24 5.66 5.0 4.47 4.12 4.0 4.12 4.47 5.0 
2.12 2.0 3.64 4.61 2.69 1.58 6.52 3.04 3.35 4.92 3.2 4.47 2.55 3.64 5.83 5.0 4.24 3.61 3.16 3.0 3.16 3.61 5.39 4.47 3.61 2.83 2.24 2.0 2.24 2.83 5.1 4.12 3.16 2.24 1.41 1.0 1.41 2.24 5.0 4.0 3.0 2.0 1.0 99999 1.0 2.0 5.1 4.12 3.16 2.24 1.41 1.0 1.41 2.24 5.39 4.47 3.61 2.83 2.24 2.0 2.24 2.83 5.83 5.0 4.24 3.61 3.16 3.0 3.16 3.61 6.4 5.66 5.0 4.47 4.12 4.0 4.12 4.47 
1.58 2.24 4.61 5.59 2.5 2.12 7.38 4.03 3.91 5.41 2.5 4.12 2.55 4.03 6.71 5.83 5.0 4.24 3.61 3.16 3.0 3.16 6.32 5.39 4.47 3.61 2.83 2.24 2.0 2.24 6.08 5.1 4.12 3.16 2.24 1.41 1.0 1.41 6.0 5.0 4.0 3.0 2.0 1.0 99999 1.0 6.08 5.1 4.12 3.16 2.24 1.41 1.0 1.41 6.32 5.39 4.47 3.61 2.83 2.24 2.0 2.24 6.71 5.83 5.0 4.24 3.61 3.16 3.0 3.16 7.21 6.4 5.66 5.0 4.47 4.12 4.0 4.12 
1.58 2.83 5.59 6.58 2.69 2.92 8.28 5.02 4.61 6.02 2.06 4.0 2.92 4.61 7.62 6.71 5.83 5.0 4.24 3.61 3.16 3.0 7.28 6.32 5.39 4.47 3.61 2.83 2.24 2.0 7.07 6.08 5.1 4.12 3.16 2.24 1.41 1.0 7.0 6.0 5.0 4.0 3.0 2.0 1.0 99999 7.07 6.08 5.1 4.12 3.16 2.24 1.41 1.0 7.28 6.32 5.39 4.47 3.61 2.83 2.24 2.0 7.62 6.71 5.83 5.0 4.24 3.61 3.16 3.0 8.06 7.21 6.4 5.66 5.0 4.47 4.12 4.0 
6.96 5.1 2.5 0.5 6.95 4.53 2.55 2.5 4.03 4.61 8.08 7.62 5.7 6.02 4.0 4.12 4.47 5.0 5.66 6.4 7.21 8.06 3.0 3.16 3.61 4.24 5.0 5.83 6.71 7.62 2.0 2.24 2.83 3.61 4.47 5.39 6.32 7.28 1.0 1.41 2.24 3.16 4.12 5.1 6.08 7.07 99999 1.0 2.0 3.0 4.0 5.0 6.0 7.0 1.0 1.41 2.24 3.16 4.12 5.1 6.08 7.07 2.0 2.24 2.83 3.61 4.47 5.39 6.32 7.28 3.0 3.16 3.61 4.24 5.0 5.83 6.71 7.62 
6.04 4.12 2.06 0.5 6.1 3.54 2.92 1.8 3.2 4.03 7.16 6.71 4.74 5.41 4.12 4.0 4.12 4.47 5.0 5.66 6.4 7.21 3.16 3.0 3.16 3.61 4.24 5.0 5.83 6.71 2.24 2.0 2.24 2.83 3.61 4.47 5.39 6.32 1.41 1.0 1.41 2.24 3.16 4.12 5.1 6.08 1.0 99999 1.0 2.0 3.0 4.0 5.0 6.0 1.41 1.0 1.41 2.24 3.16 4.12 5.1 6.08 2.24 2.0 2.24 2.83 3.61 4.47 5.39 6.32 3.16 3.0 3.16 3.61 4.24 5.0 5.83 6.71 
5.15 3.16 2.06 1.5 5.32 2.55 3.54 1.5 2.5 3.64 6.26 5.83 3.81 4.92 4.47 4.12 4.0 4.12 4.47 5.0 5.66 6.4 3.61 3.16 3.0 3.16 3.61 4.24 5.0 5.83 2.83 2.24 2.0 2.24 2.83 3.61 4.47 5.39 2.24 1.41 1.0 1.41 2.24 3.16 4.12 5.1 2.0 1.0 99999 1.0 2.0 3.0 4.0 5.0 2.24 1.41 1.0 1.41 2.24 3.16 4.12 5.1 2.83 2.24 2.0 2.24 2.83 3.61 4.47 5.39 3.61 3.16 3.0 3.16 3.61 4.24 5.0 5.83 
4.3 2.24 2.5 2.5 4.61 1.58 4.3 1.8 2.06 3.5 5.41 5.0 2.92 4.61 5.0 4.47 4.12 4.0 4.12 4.47 5.0 5.66 4.24 3.61 3.16 3.0 3.16 3.61 4.24 5.0 3.61 2.83 2.24 2.0 2.24 2.83 3.61 4.47 3.16 2.24 1.41 1.0 1.41 2.24 3.16 4.12 3.0 2.0 1.0 99999 1.0 2.0 3.0 4.0 3.16 2.24 1.41 1.0 1.41 2.24 3.16 4.12 3.61 2.83 2.24 2.0 2.24 2.83 3.61 4.47 4.24 3.61 3.16 3.0 3.16 3.61 4.24 5.0 
3.54 1.41 3.2 3.5 4.03 0.71 5.15 2.5 2.06 3.64 4.61 4.24 2.12 4.5 5.66 5.0 4.47 4.12 4.0 4.12 4.47 5.0 5.0 4.24 3.61 3.16 3.0 3.16 3.61 4.24 4.47 3.61 2.83 2.24 2.0 2.24 2.83 3.61 4.12 3.16 2.24 1.41 1.0 1.41 2.24 3.16 4.0 3.0 2.0 1.0 99999 1.0 2.0 3.0 4.12 3.16 2.24 1.41 1.0 1.41 2.24 3.16 4.47 3.61 2.83 2.24 2.0 2.24 2.83 3.61 5.0 4.24 3.61 3.16 3.0 3.16 3.61 4.24 
2.92 1.0 4.03 4.5 3.64 0.71 6.04 3.35 2.5 4.03 3.91 3.61 1.58 4.61 6.4 5.66 5.0 4.47 4.12 4.0 4.12 4.47 5.83 5.0 4.24 3.61 3.16 3.0 3.16 3.61 5.39 4.47 3.61 2.83 2.24 2.0 2.24 2.83 5.1 4.12 3.16 2.24 1.41 1.0 1.41 2.24 5.0 4.0 3.0 2.0 1.0 99999 1.0 2.0 5.1 4.12 3.16 2.24 1.41 1.0 1.41 2.24 5.39 4.47 3.61 2.83 2.24 2.0 2.24 2.83 5.83 5.0 4.24 3.61 3.16 3.0 3.16 3.61 
2.55 1.41 4.92 5.5 3.5 1.58 6.96 4.27 3.2 4.61 3.35 3.16 1.58 4.92 7.21 6.4 5.66 5.0 4.47 4.12 4.0 4.12 6.71 5.83 5.0 4.24 3.61 3.16 3.0 3.16 6.32 5.39 4.47 3.61 2.83 2.24 2.0 2.24 6.08 5.1 4.12 3.16 2.24 1.41 1.0 1.41 6.0 5.0 4.0 3.0 2.0 1.0 99999 1.0 6.08 5.1 4.12 3.16 2.24 1.41 1.0 1.41 6.32 5.39 4.47 3.61 2.83 2.24 2.0 2.24 6.71 5.83 5.0 4.24 3.61 3.16 3.0 3.16 
2.55 2.24 5.85 6.5 3.64 2.55 7.91 5.22 4.03 5.32 3.04 3.0 2.12 5.41 8.06 7.21 6.4 5.66 5.0 4.47 4.12 4.0 7.62 6.71 5.83 5.0 4.24 3.61 3.16 3.0 7.28 6.32 5.39 4.47 3.61 2.83 2.24 2.0 7.07 6.08 5.1 4.12 3.16 2.24 1.41 1.0 7.0 6.0 5.0 4.0 3.0 2.0 1.0 99999 7.07 6.08 5.1 4.12 3.16 2.24 1.41 1.0 7.28 6.32 5.39 4.47 3.61 2.83 2.24 2.0 7.62 6.71 5.83 5.0 4.24 3.61 3.16 3.0 
7.38 5.0 3.35 1.12 7.5 4.53 1.58 3.2 3.64 3.91 8.5 7.28 5.52 6.8 5.0 5.1 5.39 5.83 6.4 7.07 7.81 8.6 4.0 4.12 4.47 5.0 5.66 6.4 7.21 8.06 3.0 3.16 3.61 4.24 5.0 5.83 6.71 7.62 2.0 2.24 2.83 3.61 4.47 5.39 6.32 7.28 1.0 1.41 2.24 3.16 4.12 5.1 6.08 7.07 99999 1.0 2.0 3.0 4.0 5.0 6.0 7.0 1.0 1.41 2.24 3.16 4.12 5.1 6.08 7.07 2.0 2.24 2.83 3.61 4.47 5.39 6.32 7.28 
6.52 4.0 3.04 1.12 6.73 3.54 2.12 2.69 2.69 3.2 7.63 6.32 4.53 6.26 5.1 5.0 5.1 5.39 5.83 6.4 7.07 7.81 4.12 4.0 4.12 4.47 5.0 5.66 6.4 7.21 3.16 3.0 3.16 3.61 4.24 5.0 5.83 6.71 2.24 2.0 2.24 2.83 3.61 4.47 5.39 6.32 1.41 1.0 1.41 2.24 3.16 4.12 5.1 6.08 1.0 99999 1.0 2.0 3.0 4.0 5.0 6.0 1.41 1.0 1.41 2.24 3.16 4.12 5.1 6.08 2.24 2.0 2.24 2.83 3.61 4.47 5.39 6.32 
5.7 3.0 3.04 1.8 6.02 2.55 2.92 2.5 1.8 2.69 6.8 5.39 3.54 5.85 5.39 5.1 5.0 5.1 5.39 5.83 6.4 7.07 4.47 4.12 4.0 4.12 4.47 5.0 5.66 6.4 3.61 3.16 3.0 3.16 3.61 4.24 5.0 5.83 2.83 2.24 2.0 2.24 2.83 3.61 4.47 5.39 2.24 1.41 1.0 1.41 2.24 3.16 4.12 5.1 2.0 1.0 99999 1.0 2.0 3.0 4.0 5.0 2.24 1.41 1.0 1.41 2.24 3.16 4.12 5.1 2.83 2.24 2.0 2.24 2.83 3.61 4.47 5.39 
4.95 2.0 3.35 2.69 5.41 1.58 3.81 2.69 1.12 2.5 6.02 4.47 2.55 5.59 5.83 5.39 5.1 5.0 5.1 5.39 5.83 6.4 5.0 4.47 4.12 4.0 4.12 4.47 5.0 5.66 4.24 3.61 3.16 3.0 3.16 3.61 4.24 5.0 3.61 2.83 2.24 2.0 2.24 2.83 3.61 4.47 3.16 2.24 1.41 1.0 1.41 2.24 3.16 4.12 3.0 2.0 1.0 99999 1.0 2.0 3.0 4.0 3.16 2.24 1.41 1.0 1.41 2.24 3.16 4.12 3.61 2.83 2.24 2.0 2.24 2.83 3.61 4.47 
4.3 1.0 3.91 3.64 4.92 0.71 4.74 3.2 1.12 2.69 5.32 3.61 1.58 5.5 6.4 5.83 5.39 5.1 5.0 5.1 5.39 5.83 5.66 5.0 4.47 4.12 4.0 4.12 4.47 5.0 5.0 4.24 3.61 3.16 3.0 3.16 3.61 4.24 4.47 3.61 2.83 2.24 2.0 2.24 2.83 3.61 4.12 3.16 2.24 1.41 1.0 1.41 2.24 3.16 4.0 3.0 2.0 1.0 99999 1.0 2.0 3.0 4.12 3.16 2.24 1.41 1.0 1.41 2.24 3.16 4.47 3.61 2.83 2.24 2.0 2.24 2.83 3.61 
3.81 0.0 4.61 4.61 4.61 0.71 5.7 3.91 1.8 3.2 4.72 2.83 0.71 5.59 7.07 6.4 5.83 5.39 5.1 5.0 5.1 5.39 6.4 5.66 5.0 4.47 4.12 4.0 4.12 4.47 5.83 5.0 4.24 3.61 3.16 3.0 3.16 3.61 5.39 4.47 3.61 2.83 2.24 2.0 2.24 2.83 5.1 4.12 3.16 2.24 1.41 1.0 1.41 2.24 5.0 4.0 3.0 2.0 1.0 99999 1.0 2.0 5.1 4.12 3.16 2.24 1.41 1.0 1.41 2.24 5.39 4.47 3.61 2.83 2.24 2.0 2.24 2.83 
3.54 1.0 5.41 5.59 4.5 1.58 6.67 4.72 2.69 3.91 4.27 2.24 0.71 5.85 7.81 7.07 6.4 5.83 5.39 5.1 5.0 5.1 7.21 6.4 5.66 5.0 4.47 4.12 4.0 4.12 6.71 5.83 5.0 4.24 3.61 3.16 3.0 3.16 6.32 5.39 4.47 3.61 2.83 2.24 2.0 2.24 6.08 5.1 4.12 3.16 2.24 1.41 1.0 1.41 6.0 5.0 4.0 3.0 2.0 1.0 99999 1.0 6.08 5.1 4.12 3.16 2.24 1.41 1.0 1.41 6.32 5.39 4.47 3.61 2.83 2.24 2.0 2.24 
3.54 2.0 6.26 6.58 4.61 2.55 7.65 5.59 3.64 4.72 4.03 2.0 1.58 6.26 8.6 7.81 7.07 6.4 5.83 5.39 5.1 5.0 8.06 7.21 6.4 5.66 5.0 4.47 4.12 4.0 7.62 6.71 5.83 5.0 4.24 3.61 3.16 3.0 7.28 6.32 5.39 4.47 3.61 2.83 2.24 2.0 7.07 6.08 5.1 4.12 3.16 2.24 1.41 1.0 7.0 6.0 5.0 4.0 3.0 2.0 1.0 99999 7.07 6.08 5.1 4.12 3.16 2.24 1.41 1.0 7.28 6.32 5.39 4.47 3.61 2.83 2.24 2.0 
7.91 5.1 4.27 2.06 8.14 4.74 0.71 4.03 3.5 3.35 9.01 7.07 5.52 7.63 6.0 6.08 6.32 6.71 7.21 7.81 8.49 9.22 5.0 5.1 5.39 5.83 6.4 7.07 7.81 8.6 4.0 4.12 4.47 5.0 5.66 6.4 7.21 8.06 3.0 3.16 3.61 4.24 5.0 5.83 6.71 7.62 2.0 2.24 2.83 3.61 4.47 5.39 6.32 7.28 1.0 1.41 2.24 3.16 4.12 5.1 6.08 7.07 99999 1.0 2.0 3.0 4.0 5.0 6.0 7.0 1.0 1.41 2.24 3.16 4.12 5.1 6.08 7.07 
7.11 4.12 4.03 2.06 7.43 3.81 1.58 3.64 2.5 2.5 8.2 6.08 4.53 7.16 6.08 6.0 6.08 6.32 6.71 7.21 7.81 8.49 5.1 5.0 5.1 5.39 5.83 6.4 7.07 7.81 4.12 4.0 4.12 4.47 5.0 5.66 6.4 7.21 3.16 3.0 3.16 3.61 4.24 5.0 5.83 6.71 2.24 2.0 2.24 2.83 3.61 4.47 5.39 6.32 1.41 1.0 1.41 2.24 3.16 4.12 5.1 6.08 1.0 99999 1.0 2.0 3.0 4.0 5.0 6.0 1.41 1.0 1.41 2.24 3.16 4.12 5.1 6.08 
6.36 3.16 4.03 2.5 6.8 2.92 2.55 3.5 1.5 1.8 7.43 5.1 3.54 6.8 6.32 6.08 6.0 6.08 6.32 6.71 7.21 7.81 5.39 5.1 5.0 5.1 5.39 5.83 6.4 7.07 4.47 4.12 4.0 4.12 4.47 5.0 5.66 6.4 3.61 3.16 3.0 3.16 3.61 4.24 5.0 5.83 2.83 2.24 2.0 2.24 2.83 3.61 4.47 5.39 2.24 1.41 1.0 1.41 2.24 3.16 4.12 5.1 2.0 1.0 99999 1.0 2.0 3.0 4.0 5.0 2.24 1.41 1.0 1.41 2.24 3.16 4.12 5.1 
5.7 2.24 4.27 3.2 6.26 2.12 3.54 3.64 0.5 1.5 6.73 4.12 2.55 6.58 6.71 6.32 6.08 6.0 6.08 6.32 6.71 7.21 5.83 5.39 5.1 5.0 5.1 5.39 5.83 6.4 5.0 4.47 4.12 4.0 4.12 4.47 5.0 5.66 4.24 3.61 3.16 3.0 3.16 3.61 4.24 5.0 3.61 2.83 2.24 2.0 2.24 2.83 3.61 4.47 3.16 2.24 1.41 1.0 1.41 2.24 3.16 4.12 3.0 2.0 1.0 99999 1.0 2.0 3.0 4.0 3.16 2.24 1.41 1.0 1.41 2.24 3.16 4.12 
5.15 1.41 4.72 4.03 5.85 1.58 4.53 4.03 0.5 1.8 6.1 3.16 1.58 6.5 7.21 6.71 6.32 6.08 6.0 6.08 6.32 6.71 6.4 5.83 5.39 5.1 5.0 5.1 5.39 5.83 5.66 5.0 4.47 4.12 4.0 4.12 4.47 5.0 5.0 4.24 3.61 3.16 3.0 3.16 3.61 4.24 4.47 3.61 2.83 2.24 2.0 2.24 2.83 3.61 4.12 3.16 2.24 1.41 1.0 1.41 2.24 3.16 4.0 3.0 2.0 1.0 99999 1.0 2.0 3.0 4.12 3.16 2.24 1.41 1.0 1.41 2.24 3.16 
4.74 1.0 5.32 4.92 5.59 1.58 5.52 4.61 1.5 2.5 5.59 2.24 0.71 6.58 7.81 7.21 6.71 6.32 6.08 6.0 6.08 6.32 7.07 6.4 5.83 5.39 5.1 5.0 5.1 5.39 6.4 5.66 5.0 4.47 4.12 4.0 4.12 4.47 5.83 5.0 4.24 3.61 3.16 3.0 3.16 3.61 5.39 4.47 3.61 2.83 2.24 2.0 2.24 2.83 5.1 4.12 3.16 2.24 1.41 1.0 1.41 2.24 5.0 4.0 3.0 2.0 1.0 99999 1.0 2.0 5.1 4.12 3.16 2.24 1.41 1.0 1.41 2.24 
4.53 1.41 6.02 5.85 5.5 2.12 6.52 5.32 2.5 3.35 5.22 1.41 0.71 6.8 8.49 7.81 7.21 6.71 6.32 6.08 6.0 6.08 7.81 7.07 6.4 5.83 5.39 5.1 5.0 5.1 7.21 6.4 5.66 5.0 4.47 4.12 4.0 4.12 6.71 5.83 5.0 4.24 3.61 3.16 3.0 3.16 6.32 5.39 4.47 3.61 2.83 2.24 2.0 2.24 6.08 5.1 4.12 3.16 2.24 1.41 1.0 1.41 6.0 5.0 4.0 3.0 2.0 1.0 99999 1.0 6.08 5.1 4.12 3.16 2.24 1.41 1.0 1.41 
4.53 2.24 6.8 6.8 5.59 2.92 7.52 6.1 3.5 4.27 5.02 1.0 1.58 7.16 9.22 8.49 7.81 7.21 6.71 6.32 6.08 6.0 8.6 7.81 7.07 6.4 5.83 5.39 5.1 5.0 8.06 7.21 6.4 5.66 5.0 4.47 4.12 4.0 7.62 6.71 5.83 5.0 4.24 3.61 3.16 3.0 7.28 6.32 5.39 4.47 3.61 2.83 2.24 2.0 7.07 6.08 5.1 4.12 3.16 2.24 1.41 1.0 7.0 6.0 5.0 4.0 3.0 2.0 1.0 99999 7.07 6.08 5.1 4.12 3.16 2.24 1.41 1.0 
8.51 5.39 5.22 3.04 8.85 5.15 0.71 4.92 3.64 3.04 9.6 7.0 5.7 8.5 7.0 7.07 7.28 7.62 8.06 8.6 9.22 9.9 6.0 6.08 6.32 6.71 7.21 7.81 8.49 9.22 5.0 5.1 5.39 5.83 6.4 7.07 7.81 8.6 4.0 4.12 4.47 5.0 5.66 6.4 7.21 8.06 3.0 3.16 3.61 4.24 5.0 5.83 6.71 7.62 2.0 2.24 2.83 3.61 4.47 5.39 6.32 7.28 1.0 1.41 2.24 3.16 4.12 5.1 6.08 7.07 99999 1.0 2.0 3.0 4.0 5.0 6.0 7.0 
7.78 4.47 5.02 3.04 8.2 4.3 1.58 4.61 2.69 2.06 8.85 6.0 4.74 8.08 7.07 7.0 7.07 7.28 7.62 8.06 8.6 9.22 6.08 6.0 6.08 6.32 6.71 7.21 7.81 8.49 5.1 5.0 5.1 5.39 5.83 6.4 7.07 7.81 4.12 4.0 4.12 4.47 5.0 5.66 6.4 7.21 3.16 3.0 3.16 3.61 4.24 5.0 5.83 6.71 2.24 2.0 2.24 2.83 3.61 4.47 5.39 6.32 1.41 1.0 1.41 2.24 3.16 4.12 5.1 6.08 1.0 99999 1.0 2.0 3.0 4.0 5.0 6.0 
7.11 3.61 5.02 3.35 7.63 3.54 2.55 4.5 1.8 1.12 8.14 5.0 3.81 7.76 7.28 7.07 7.0 7.07 7.28 7.62 8.06 8.6 6.32 6.08 6.0 6.08 6.32 6.71 7.21 7.81 5.39 5.1 5.0 5.1 5.39 5.83 6.4 7.07 4.47 4.12 4.0 4.12 4.47 5.0 5.66 6.4 3.61 3.16 3.0 3.16 3.61 4.24 5.0 5.83 2.83 2.24 2.0 2.24 2.83 3.61 4.47 5.39 2.24 1.41 1.0 1.41 2.24 3.16 4.12 5.1 2.0 1.0 99999 1.0 2.0 3.0 4.0 5.0 
6.52 2.83 5.22 3.91 7.16 2.92 3.54 4.61 1.12 0.5 7.5 4.0 2.92 7.57 7.62 7.28 7.07 7.0 7.07 7.28 7.62 8.06 6.71 6.32 6.08 6.0 6.08 6.32 6.71 7.21 5.83 5.39 5.1 5.0 5.1 5.39 5.83 6.4 5.0 4.47 4.12 4.0 4.12 4.47 5.0 5.66 4.24 3.61 3.16 3.0 3.16 3.61 4.24 5.0 3.61 2.83 2.24 2.0 2.24 2.83 3.61 4.47 3.16 2.24 1.41 1.0 1.41 2.24 3.16 4.12 3.0 2.0 1.0 99999 1.0 2.0 3.0 4.0 
6.04 2.24 5.59 4.61 6.8 2.55 4.53 4.92 1.12 1.12 6.95 3.0 2.12 7.5 8.06 7.62 7.28 7.07 7.0 7.07 7.28 7.62 7.21 6.71 6.32 6.08 6.0 6.08 6.32 6.71 6.4 5.83 5.39 5.1 5.0 5.1 5.39 5.83 5.66 5.0 4.47 4.12 4.0 4.12 4.47 5.0 5.0 4.24 3.61 3.16 3.0 3.16 3.61 4.24 4.47 3.61 2.83 2.24 2.0 2.24 2.83 3.61 4.12 3.16 2.24 1.41 1.0 1.41 2.24 3.16 4.0 3.0 2.0 1.0 99999 1.0 2.0 3.0 
5.7 2.0 6.1 5.41 6.58 2.55 5.52 5.41 1.8 2.06 6.5 2.0 1.58 7.57 8.6 8.06 7.62 7.28 7.07 7.0 7.07 7.28 7.81 7.21 6.71 6.32 6.08 6.0 6.08 6.32 7.07 6.4 5.83 5.39 5.1 5.0 5.1 5.39 6.4 5.66 5.0 4.47 4.12 4.0 4.12 4.47 5.83 5.0 4.24 3.61 3.16 3.0 3.16 3.61 5.39 4.47 3.61 2.83 2.24 2.0 2.24 2.83 5.1 4.12 3.16 2.24 1.41 1.0 1.41 2.24 5.0 4.0 3.0 2.0 1.0 99999 1.0 2.0 
5.52 2.24 6.73 6.26 6.5 2.92 6.52 6.02 2.69 3.04 6.18 1.0 1.58 7.76 9.22 8.6 8.06 7.62 7.28 7.07 7.0 7.07 8.49 7.81 7.21 6.71 6.32 6.08 6.0 6.08 7.81 7.07 6.4 5.83 5.39 5.1 5.0 5.1 7.21 6.4 5.66 5.0 4.47 4.12 4.0 4.12 6.71 5.83 5.0 4.24 3.61 3.16 3.0 3.16 6.32 5.39 4.47 3.61 2.83 2.24 2.0 2.24 6.08 5.1 4.12 3.16 2.24 1.41 1.0 1.41 6.0 5.0 4.0 3.0 2.0 1.0 99999 1.0 
5.52 2.83 7.43 7.16 6.58 3.54 7.52 6.73 3.64 4.03 6.02 0.0 2.12 8.08 9.9 9.22 8.6 8.06 7.62 7.28 7.07 7.0 9.22 8.49 7.81 7.21 6.71 6.32 6.08 6.0 8.6 7.81 7.07 6.4 5.83 5.39 5.1 5.0 8.06 7.21 6.4 5.66 5.0 4.47 4.12 4.0 7.62 6.71 5.83 5.0 4.24 3.61 3.16 3.0 7.28 6.32 5.39 4.47 3.61 2.83 2.24 2.0 7.07 6.08 5.1 4.12 3.16 2.24 1.41 1.0 7.0 6.0 5.0 4.0 3.0 2.0 1.0 99999
