81 3 1 6 64
2 20 1 5
150 20 0 6

0 9 6 7 8 15 16 17 24 25 26 
1 6 9 10 18 19 27 28 
2 9 15 16 17 24 25 26 33 34 35 
3 9 20 21 22 29 30 31 38 39 40 
4 9 29 30 31 38 39 40 47 48 49 
5 9 37 38 39 46 47 48 55 56 57 
6 9 41 42 43 50 51 52 59 60 61 
7 6 52 53 61 62 70 71 
8 9 55 56 57 64 65 66 73 74 75 
9 9 56 57 58 65 66 67 74 75 76 
10 4 0 1 9 10 
11 4 1 2 10 11 
12 4 2 3 11 12 
13 4 3 4 12 13 
14 4 4 5 13 14 
15 4 5 6 14 15 
16 4 6 7 15 16 
17 4 7 8 16 17 
18 4 9 10 18 19 
19 4 10 11 19 20 
20 4 11 12 20 21 
21 4 12 13 21 22 
22 4 13 14 22 23 
23 4 14 15 23 24 
24 4 15 16 24 25 
25 4 16 17 25 26 
26 4 18 19 27 28 
27 4 19 20 28 29 
28 4 20 21 29 30 
29 4 21 22 30 31 
30 4 22 23 31 32 
31 4 23 24 32 33 
32 4 24 25 33 34 
33 4 25 26 34 35 
34 4 27 28 36 37 
35 4 28 29 37 38 
36 4 29 30 38 39 
37 4 30 31 39 40 
38 4 31 32 40 41 
39 4 32 33 41 42 
40 4 33 34 42 43 
41 4 34 35 43 44 
42 4 36 37 45 46 
43 4 37 38 46 47 
44 4 38 39 47 48 
45 4 39 40 48 49 
46 4 40 41 49 50 
47 4 41 42 50 51 
48 4 42 43 51 52 
49 4 43 44 52 53 
50 4 45 46 54 55 
51 4 46 47 55 56 
52 4 47 48 56 57 
53 4 48 49 57 58 
54 4 49 50 58 59 
55 4 50 51 59 60 
56 4 51 52 60 61 
57 4 52 53 61 62 
58 4 54 55 63 64 
59 4 55 56 64 65 
60 4 56 57 65 66 
61 4 57 58 66 67 
62 4 58 59 67 68 
63 4 59 60 68 69 
64 4 60 61 69 70 
65 4 61 62 70 71 
66 4 63 64 72 73 
67 4 64 65 73 74 
68 4 65 66 74 75 
69 4 66 67 75 76 
70 4 67 68 76 77 
71 4 68 69 77 78 
72 4 69 70 78 79 
73 4 70 71 79 80 

99999 7.07 1 4.47 5 6.4 4.12 5.1 7.81 7.21 6.52 5.52 4.53 3.54 2.55 1.58 0.71 0.71 6.52 5.52 4.53 3.54 2.55 1.58 0.71 0.71 6.67 5.7 4.74 3.81 2.92 2.12 1.58 1.58 6.96 6.04 5.15 4.3 3.54 2.92 2.55 2.55 7.38 6.52 5.7 4.95 4.3 3.81 3.54 3.54 7.91 7.11 6.36 5.7 5.15 4.74 4.53 4.53 8.51 7.78 7.11 6.52 6.04 5.7 5.52 5.52 9.19 8.51 7.91 7.38 6.96 6.67 6.52 6.52 
7.07 99999 7 3.16 3.61 3.61 6.71 8.94 5.39 5.83 1.58 2.12 2.92 3.81 4.74 5.7 6.67 7.65 0.71 1.58 2.55 3.54 4.53 5.52 6.52 7.52 0.71 1.58 2.55 3.54 4.53 5.52 6.52 7.52 1.58 2.12 2.92 3.81 4.74 5.7 6.67 7.65 2.55 2.92 3.54 4.3 5.15 6.04 6.96 7.91 3.54 3.81 4.3 4.95 5.7 6.52 7.38 8.28 4.53 4.74 5.15 5.7 6.36 7.11 7.91 8.75 5.52 5.7 6.04 6.52 7.11 7.78 8.51 9.3 
1 7 99999 4.12 4.47 5.83 3.16 4.12 7.07 6.4 6.67 5.7 4.74 3.81 2.92 2.12 1.58 1.58 6.52 5.52 4.53 3.54 2.55 1.58 0.71 0.71 6.52 5.52 4.53 3.54 2.55 1.58 0.71 0.71 6.67 5.7 4.74 3.81 2.92 2.12 1.58 1.58 6.96 6.04 5.15 4.3 3.54 2.92 2.55 2.55 7.38 6.52 5.7 4.95 4.3 3.81 3.54 3.54 7.91 7.11 6.36 5.7 5.15 4.74 4.53 4.53 8.51 7.78 7.11 6.52 6.04 5.7 5.52 5.52 
4.47 3.16 4.12 99999 1 2.24 3.61 5.83 4.12 4 3.54 2.92 2.55 2.55 2.92 3.54 4.3 5.15 2.92 2.12 1.58 1.58 2.12 2.92 3.81 4.74 2.55 1.58 0.71 0.71 1.58 2.55 3.54 4.53 2.55 1.58 0.71 0.71 1.58 2.55 3.54 4.53 2.92 2.12 1.58 1.58 2.12 2.92 3.81 4.74 3.54 2.92 2.55 2.55 2.92 3.54 4.3 5.15 4.3 3.81 3.54 3.54 3.81 4.3 4.95 5.7 5.15 4.74 4.53 4.53 4.74 5.15 5.7 6.36 
5 3.61 4.47 1 99999 1.41 3.16 5.39 3.16 3 4.3 3.81 3.54 3.54 3.81 4.3 4.95 5.7 3.54 2.92 2.55 2.55 2.92 3.54 4.3 5.15 2.92 2.12 1.58 1.58 2.12 2.92 3.81 4.74 2.55 1.58 0.71 0.71 1.58 2.55 3.54 4.53 2.55 1.58 0.71 0.71 1.58 2.55 3.54 4.53 2.92 2.12 1.58 1.58 2.12 2.92 3.81 4.74 3.54 2.92 2.55 2.55 2.92 3.54 4.3 5.15 4.3 3.81 3.54 3.54 3.81 4.3 4.95 5.7 
6.4 3.61 5.83 2.24 1.41 99999 4 6.08 2 2.24 4.74 4.53 4.53 4.74 5.15 5.7 6.36 7.11 3.81 3.54 3.54 3.81 4.3 4.95 5.7 6.52 2.92 2.55 2.55 2.92 3.54 4.3 5.15 6.04 2.12 1.58 1.58 2.12 2.92 3.81 4.74 5.7 1.58 0.71 0.71 1.58 2.55 3.54 4.53 5.52 1.58 0.71 0.71 1.58 2.55 3.54 4.53 5.52 2.12 1.58 1.58 2.12 2.92 3.81 4.74 5.7 2.92 2.55 2.55 2.92 3.54 4.3 5.15 6.04 
4.12 6.71 3.16 3.61 3.16 4 99999 2.24 4.47 3.61 7.11 6.36 5.7 5.15 4.74 4.53 4.53 4.74 6.52 5.7 4.95 4.3 3.81 3.54 3.54 3.81 6.04 5.15 4.3 3.54 2.92 2.55 2.55 2.92 5.7 4.74 3.81 2.92 2.12 1.58 1.58 2.12 5.52 4.53 3.54 2.55 1.58 0.71 0.71 1.58 5.52 4.53 3.54 2.55 1.58 0.71 0.71 1.58 5.7 4.74 3.81 2.92 2.12 1.58 1.58 2.12 6.04 5.15 4.3 3.54 2.92 2.55 2.55 2.92 
5.1 8.94 4.12 5.83 5.39 6.08 2.24 99999 6.08 5.1 9.3 8.51 7.78 7.11 6.52 6.04 5.7 5.52 8.75 7.91 7.11 6.36 5.7 5.15 4.74 4.53 8.28 7.38 6.52 5.7 4.95 4.3 3.81 3.54 7.91 6.96 6.04 5.15 4.3 3.54 2.92 2.55 7.65 6.67 5.7 4.74 3.81 2.92 2.12 1.58 7.52 6.52 5.52 4.53 3.54 2.55 1.58 0.71 7.52 6.52 5.52 4.53 3.54 2.55 1.58 0.71 7.65 6.67 5.7 4.74 3.81 2.92 2.12 1.58 
7.81 5.39 7.07 4.12 3.16 2 4.47 6.08 99999 1 6.67 6.52 6.52 6.67 6.96 7.38 7.91 8.51 5.7 5.52 5.52 5.7 6.04 6.52 7.11 7.78 4.74 4.53 4.53 4.74 5.15 5.7 6.36 7.11 3.81 3.54 3.54 3.81 4.3 4.95 5.7 6.52 2.92 2.55 2.55 2.92 3.54 4.3 5.15 6.04 2.12 1.58 1.58 2.12 2.92 3.81 4.74 5.7 1.58 0.71 0.71 1.58 2.55 3.54 4.53 5.52 1.58 0.71 0.71 1.58 2.55 3.54 4.53 5.52 
7.21 5.83 6.4 4 3 2.24 3.61 5.1 1 99999 6.96 6.67 6.52 6.52 6.67 6.96 7.38 7.91 6.04 5.7 5.52 5.52 5.7 6.04 6.52 7.11 5.15 4.74 4.53 4.53 4.74 5.15 5.7 6.36 4.3 3.81 3.54 3.54 3.81 4.3 4.95 5.7 3.54 2.92 2.55 2.55 2.92 3.54 4.3 5.15 2.92 2.12 1.58 1.58 2.12 2.92 3.81 4.74 2.55 1.58 0.71 0.71 1.58 2.55 3.54 4.53 2.55 1.58 0.71 0.71 1.58 2.55 3.54 4.53 
6.52 1.58 6.67 3.54 4.3 4.74 7.11 9.3 6.67 6.96 99999 1 2 3 4 5 6 7 1 1.41 2.24 3.16 4.12 5.1 6.08 7.07 2 2.24 2.83 3.61 4.47 5.39 6.32 7.28 3 3.16 3.61 4.24 5 5.83 6.71 7.62 4 4.12 4.47 5 5.66 6.4 7.21 8.06 5 5.1 5.39 5.83 6.4 7.07 7.81 8.6 6 6.08 6.32 6.71 7.21 7.81 8.49 9.22 7 7.07 7.28 7.62 8.06 8.6 9.22 9.9 
5.52 2.12 5.7 2.92 3.81 4.53 6.36 8.51 6.52 6.67 1 99999 1 2 3 4 5 6 1.41 1 1.41 2.24 3.16 4.12 5.1 6.08 2.24 2 2.24 2.83 3.61 4.47 5.39 6.32 3.16 3 3.16 3.61 4.24 5 5.83 6.71 4.12 4 4.12 4.47 5 5.66 6.4 7.21 5.1 5 5.1 5.39 5.83 6.4 7.07 7.81 6.08 6 6.08 6.32 6.71 7.21 7.81 8.49 7.07 7 7.07 7.28 7.62 8.06 8.6 9.22 
4.53 2.92 4.74 2.55 3.54 4.53 5.7 7.78 6.52 6.52 2 1 99999 1 2 3 4 5 2.24 1.41 1 1.41 2.24 3.16 4.12 5.15 2.83 2.24 2 2.24 2.83 3.61 4.47 5.39 3.61 3.16 3 3.16 3.61 4.24 5 5.83 4.47 4.12 4 4.12 4.47 5 5.66 6.4 5.39 5.1 5 5.1 5.39 5.83 6.4 7.07 6.32 6.08 6 6.08 6.32 6.71 7.21 7.81 7.28 7.07 7 7.07 7.28 7.62 8.06 8.6 
3.54 3.81 3.81 2.55 3.54 4.74 5.15 7.11 6.67 6.52 3 2 1 99999 1 2 3 4 3.16 2.24 1.41 1 1.41 2.24 3.16 4.12 3.61 2.83 2.24 2 2.24 2.83 3.61 4.47 4.24 3.61 3.16 3 3.16 3.61 4.24 5 5 4.47 4.12 4 4.12 4.47 5 5.66 5.83 5.39 5.1 5 5.1 5.39 5.83 6.4 6.71 6.32 6.08 6 6.08 6.32 6.71 7.21 7.62 7.28 7.07 7 7.07 7.28 7.62 8.06 
2.55 4.74 2.92 2.92 3.81 5.15 4.74 6.52 6.96 6.67 4 3 2 1 99999 1 2 3 4.12 3.16 2.24 1.41 1 1.41 2.24 3.16 4.47 3.61 2.83 2.24 2 2.24 2.83 3.61 5 4.24 3.61 3.16 3 3.16 3.61 4.24 5.66 5 4.47 4.12 4 4.12 4.47 5 6.4 5.83 5.39 5.1 5 5.1 5.39 5.83 7.21 6.71 6.32 6.08 6 6.08 6.32 6.71 8.06 7.62 7.28 7.07 7 7.07 7.28 7.62 
1.58 5.7 2.12 3.54 4.3 5.7 4.53 6.04 7.38 6.96 5 4 3 2 1 99999 1 2 5.1 4.12 3.16 2.24 1.41 1 1.41 2.24 5.39 4.47 3.61 2.83 2.24 2 2.24 2.83 5.83 5 4.24 3.61 3.16 3 3.16 3.61 6.4 5.66 5 4.47 4.12 4 4.12 4.47 7.07 6.4 5.83 5.39 5.1 5 5.1 5.39 7.81 7.21 6.71 6.32 6.08 6 6.08 6.32 8.6 8.06 7.62 7.28 7.07 7 7.07 7.28 
0.71 6.67 1.58 4.3 4.95 6.36 4.53 5.7 7.91 7.38 6 5 4 3 2 1 99999 1 6.08 5.1 4.12 3.16 2.24 1.41 1 1.41 6.32 5.39 4.47 3.61 2.83 2.24 2 2.24 6.71 5.83 5 4.24 3.61 3.16 3 3.16 7.21 6.4 5.66 5 4.47 4.12 4 4.12 7.81 7.07 6.4 5.83 5.39 5.1 5 5.1 8.49 7.81 7.21 6.71 6.32 6.08 6 6.08 9.22 8.6 8.06 7.62 7.28 7.07 7 7.07 
0.71 7.65 1.58 5.15 5.7 7.11 4.74 5.52 8.51 7.91 7 6 5 4 3 2 1 99999 7.07 6.08 5.1 4.12 3.16 2.24 1.41 1 7.28 6.32 5.39 4.47 3.61 2.83 2.24 2 7.62 6.71 5.83 5 4.24 3.61 3.16 3 8.06 7.21 6.4 5.66 5 4.47 4.12 4 8.6 7.81 7.07 6.4 5.83 5.39 5.1 5 9.22 8.49 7.81 7.21 6.71 6.32 6.08 6 9.9 9.22 8.6 8.06 7.62 7.28 7.07 7 
6.52 0.71 6.52 2.92 3.54 3.81 6.52 8.75 5.7 6.04 1 1.41 2.24 3.16 4.12 5.1 6.08 7.07 99999 1 2 3 4 5 6 7 1 1.41 2.24 3.16 4.12 5.1 6.08 7.07 2 2.24 2.83 3.61 4.47 5.39 6.32 7.28 3 3.16 3.61 4.24 5 5.83 6.71 7.62 4 4.12 4.47 5 5.66 6.4 7.21 8.06 5 5.1 5.39 5.83 6.4 7.07 7.81 8.6 6 6.08 6.32 6.71 7.21 7.81 8.49 9.22 
5.52 1.58 5.52 2.12 2.92 3.54 5.7 7.91 5.52 5.7 1.41 1 1.41 2.24 3.16 4.12 5.1 6.08 1 99999 1 2 3 4 5 6 1.41 1 1.41 2.24 3.16 4.12 5.1 6.08 2.24 2 2.24 2.83 3.61 4.47 5.39 6.32 3.16 3 3.16 3.61 4.24 5 5.83 6.71 4.12 4 4.12 4.47 5 5.66 6.4 7.21 5.1 5 5.1 5.39 5.83 6.4 7.07 7.81 6.08 6 6.08 6.32 6.71 7.21 7.81 8.49 
4.53 2.55 4.53 1.58 2.55 3.54 4.95 7.11 5.52 5.52 2.24 1.41 1 1.41 2.24 3.16 4.12 5.15 2 1 99999 1 2 3 4 5 2.24 1.41 1 1.41 2.24 3.16 4.12 5.15 2.83 2.24 2 2.24 2.83 3.61 4.47 5.39 3.61 3.16 3 3.16 3.61 4.24 5 5.83 4.47 4.12 4 4.12 4.47 5 5.66 6.4 5.39 5.1 5 5.1 5.39 5.83 6.4 7.07 6.32 6.08 6 6.08 6.32 6.71 7.21 7.81 
3.54 3.54 3.54 1.58 2.55 3.81 4.3 6.36 5.7 5.52 3.16 2.24 1.41 1 1.41 2.24 3.16 4.12 3 2 1 99999 1 2 3 4 3.16 2.24 1.41 1 1.41 2.24 3.16 4.12 3.61 2.83 2.24 2 2.24 2.83 3.61 4.47 4.24 3.61 3.16 3 3.16 3.61 4.24 5 5 4.47 4.12 4 4.12 4.47 5 5.66 5.83 5.39 5.1 5 5.1 5.39 5.83 6.4 6.71 6.32 6.08 6 6.08 6.32 6.71 7.21 
2.55 4.53 2.55 2.12 2.92 4.3 3.81 5.7 6.04 5.7 4.12 3.16 2.24 1.41 1 1.41 2.24 3.16 4 3 2 1 99999 1 2 3 4.12 3.16 2.24 1.41 1 1.41 2.24 3.16 4.47 3.61 2.83 2.24 2 2.24 2.83 3.61 5 4.24 3.61 3.16 3 3.16 3.61 4.24 5.66 5 4.47 4.12 4 4.12 4.47 5 6.4 5.83 5.39 5.1 5 5.1 5.39 5.83 7.21 6.71 6.32 6.08 6 6.08 6.32 6.71 
1.58 5.52 1.58 2.92 3.54 4.95 3.54 5.15 6.52 6.04 5.1 4.12 3.16 2.24 1.41 1 1.41 2.24 5 4 3 2 1 99999 1 2 5.1 4.12 3.16 2.24 1.41 1 1.41 2.24 5.39 4.47 3.61 2.83 2.24 2 2.24 2.83 5.83 5 4.24 3.61 3.16 3 3.16 3.61 6.4 5.66 5 4.47 4.12 4 4.12 4.47 7.07 6.4 5.83 5.39 5.1 5 5.1 5.39 7.81 7.21 6.71 6.32 6.08 6 6.08 6.32 
0.71 6.52 0.71 3.81 4.3 5.7 3.54 4.74 7.11 6.52 6.08 5.1 4.12 3.16 2.24 1.41 1 1.41 6 5 4 3 2 1 99999 1 6.08 5.1 4.12 3.16 2.24 1.41 1 1.41 6.32 5.39 4.47 3.61 2.83 2.24 2 2.24 6.71 5.83 5 4.24 3.61 3.16 3 3.16 7.21 6.4 5.66 5 4.47 4.12 4 4.12 7.81 7.07 6.4 5.83 5.39 5.1 5 5.1 8.49 7.81 7.21 6.71 6.32 6.08 6 6.08 
0.71 7.52 0.71 4.74 5.15 6.52 3.81 4.53 7.78 7.11 7.07 6.08 5.1 4.12 3.16 2.24 1.41 1 7 6 5 4 3 2 1 99999 7.07 6.08 5.1 4.12 3.16 2.24 1.41 1 7.28 6.32 5.39 4.47 3.61 2.83 2.24 2 7.62 6.71 5.83 5 4.24 3.61 3.16 3 8.06 7.21 6.4 5.66 5 4.47 4.12 4 8.6 7.81 7.07 6.4 5.83 5.39 5.1 5 9.22 8.49 7.81 7.21 6.71 6.32 6.08 6 
6.67 0.71 6.52 2.55 2.92 2.92 6.04 8.28 4.74 5.15 2 2.24 2.83 3.61 4.47 5.39 6.32 7.28 1 1.41 2.24 3.16 4.12 5.1 6.08 7.07 99999 1 2 3 4 5 6 7 1 1.41 2.24 3.16 4.12 5.1 6.08 7.07 2 2.24 2.83 3.61 4.47 5.39 6.32 7.28 3 3.16 3.61 4.24 5 5.83 6.71 7.62 4 4.12 4.47 5 5.66 6.4 7.21 8.06 5 5.1 5.39 5.83 6.4 7.07 7.81 8.6 
5.7 1.58 5.52 1.58 2.12 2.55 5.15 7.38 4.53 4.74 2.24 2 2.24 2.83 3.61 4.47 5.39 6.32 1.41 1 1.41 2.24 3.16 4.12 5.1 6.08 1 99999 1 2 3 4 5 6 1.41 1 1.41 2.24 3.16 4.12 5.1 6.08 2.24 2 2.24 2.83 3.61 4.47 5.39 6.32 3.16 3 3.16 3.61 4.24 5 5.83 6.71 4.12 4 4.12 4.47 5 5.66 6.4 7.21 5.1 5 5.1 5.39 5.83 6.4 7.07 7.81 
4.74 2.55 4.53 0.71 1.58 2.55 4.3 6.52 4.53 4.53 2.83 2.24 2 2.24 2.83 3.61 4.47 5.39 2.24 1.41 1 1.41 2.24 3.16 4.12 5.15 2 1 99999 1 2 3 4 5 2.24 1.41 1 1.41 2.24 3.16 4.12 5.15 2.83 2.24 2 2.24 2.83 3.61 4.47 5.39 3.61 3.16 3 3.16 3.61 4.24 5 5.83 4.47 4.12 4 4.12 4.47 5 5.66 6.4 5.39 5.1 5 5.1 5.39 5.83 6.4 7.07 
3.81 3.54 3.54 0.71 1.58 2.92 3.54 5.7 4.74 4.53 3.61 2.83 2.24 2 2.24 2.83 3.61 4.47 3.16 2.24 1.41 1 1.41 2.24 3.16 4.12 3 2 1 99999 1 2 3 4 3.16 2.24 1.41 1 1.41 2.24 3.16 4.12 3.61 2.83 2.24 2 2.24 2.83 3.61 4.47 4.24 3.61 3.16 3 3.16 3.61 4.24 5 5 4.47 4.12 4 4.12 4.47 5 5.66 5.83 5.39 5.1 5 5.1 5.39 5.83 6.4 
2.92 4.53 2.55 1.58 2.12 3.54 2.92 4.95 5.15 4.74 4.47 3.61 2.83 2.24 2 2.24 2.83 3.61 4.12 3.16 2.24 1.41 1 1.41 2.24 3.16 4 3 2 1 99999 1 2 3 4.12 3.16 2.24 1.41 1 1.41 2.24 3.16 4.47 3.61 2.83 2.24 2 2.24 2.83 3.61 5 4.24 3.61 3.16 3 3.16 3.61 4.24 5.66 5 4.47 4.12 4 4.12 4.47 5 6.4 5.83 5.39 5.1 5 5.1 5.39 5.83 
2.12 5.52 1.58 2.55 2.92 4.3 2.55 4.3 5.7 5.15 5.39 4.47 3.61 2.83 2.24 2 2.24 2.83 5.1 4.12 3.16 2.24 1.41 1 1.41 2.24 5 4 3 2 1 99999 1 2 5.1 4.12 3.16 2.24 1.41 1 1.41 2.24 5.39 4.47 3.61 2.83 2.24 2 2.24 2.83 5.83 5 4.24 3.61 3.16 3 3.16 3.61 6.4 5.66 5 4.47 4.12 4 4.12 4.47 7.07 6.4 5.83 5.39 5.1 5 5.1 5.39 
1.58 6.52 0.71 3.54 3.81 5.15 2.55 3.81 6.36 5.7 6.32 5.39 4.47 3.61 2.83 2.24 2 2.24 6.08 5.1 4.12 3.16 2.24 1.41 1 1.41 6 5 4 3 2 1 99999 1 6.08 5.1 4.12 3.16 2.24 1.41 1 1.41 6.32 5.39 4.47 3.61 2.83 2.24 2 2.24 6.71 5.83 5 4.24 3.61 3.16 3 3.16 7.21 6.4 5.66 5 4.47 4.12 4 4.12 7.81 7.07 6.4 5.83 5.39 5.1 5 5.1 
1.58 7.52 0.71 4.53 4.74 6.04 2.92 3.54 7.11 6.36 7.28 6.32 5.39 4.47 3.61 2.83 2.24 2 7.07 6.08 5.1 4.12 3.16 2.24 1.41 1 7 6 5 4 3 2 1 99999 7.07 6.08 5.1 4.12 3.16 2.24 1.41 1 7.28 6.32 5.39 4.47 3.61 2.83 2.24 2 7.62 6.71 5.83 5 4.24 3.61 3.16 3 8.06 7.21 6.4 5.66 5 4.47 4.12 4 8.6 7.81 7.07 6.4 5.83 5.39 5.1 5 
6.96 1.58 6.67 2.55 2.55 2.12 5.7 7.91 3.81 4.3 3 3.16 3.61 4.24 5 5.83 6.71 7.62 2 2.24 2.83 3.61 4.47 5.39 6.32 7.28 1 1.41 2.24 3.16 4.12 5.1 6.08 7.07 99999 1 2 3 4 5 6 7 1 1.41 2.24 3.16 4.12 5.1 6.08 7.07 2 2.24 2.83 3.61 4.47 5.39 6.32 7.28 3 3.16 3.61 4.24 5 5.83 6.71 7.62 4 4.12 4.47 5 5.66 6.4 7.21 8.06 
6.04 2.12 5.7 1.58 1.58 1.58 4.74 6.96 3.54 3.81 3.16 3 3.16 3.61 4.24 5 5.83 6.71 2.24 2 2.24 2.83 3.61 4.47 5.39 6.32 1.41 1 1.41 2.24 3.16 4.12 5.1 6.08 1 99999 1 2 3 4 5 6 1.41 1 1.41 2.24 3.16 4.12 5.1 6.08 2.24 2 2.24 2.83 3.61 4.47 5.39 6.32 3.16 3 3.16 3.61 4.24 5 5.83 6.71 4.12 4 4.12 4.47 5 5.66 6.4 7.21 
5.15 2.92 4.74 0.71 0.71 1.58 3.81 6.04 3.54 3.54 3.61 3.16 3 3.16 3.61 4.24 5 5.83 2.83 2.24 2 2.24 2.83 3.61 4.47 5.39 2.24 1.41 1 1.41 2.24 3.16 4.12 5.15 2 1 99999 1 2 3 4 5 2.24 1.41 1 1.41 2.24 3.16 4.12 5.15 2.83 2.24 2 2.24 2.83 3.61 4.47 5.39 3.61 3.16 3 3.16 3.61 4.24 5 5.83 4.47 4.12 4 4.12 4.47 5 5.66 6.4 
4.3 3.81 3.81 0.71 0.71 2.12 2.92 5.15 3.81 3.54 4.24 3.61 3.16 3 3.16 3.61 4.24 5 3.61 2.83 2.24 2 2.24 2.83 3.61 4.47 3.16 2.24 1.41 1 1.41 2.24 3.16 4.12 3 2 1 99999 1 2 3 4 3.16 2.24 1.41 1 1.41 2.24 3.16 4.12 3.61 2.83 2.24 2 2.24 2.83 3.61 4.47 4.24 3.61 3.16 3 3.16 3.61 4.24 5 5 4.47 4.12 4 4.12 4.47 5 5.66 
3.54 4.74 2.92 1.58 1.58 2.92 2.12 4.3 4.3 3.81 5 4.24 3.61 3.16 3 3.16 3.61 4.24 4.47 3.61 2.83 2.24 2 2.24 2.83 3.61 4.12 3.16 2.24 1.41 1 1.41 2.24 3.16 4 3 2 1 99999 1 2 3 4.12 3.16 2.24 1.41 1 1.41 2.24 3.16 4.47 3.61 2.83 2.24 2 2.24 2.83 3.61 5 4.24 3.61 3.16 3 3.16 3.61 4.24 5.66 5 4.47 4.12 4 4.12 4.47 5 
2.92 5.7 2.12 2.55 2.55 3.81 1.58 3.54 4.95 4.3 5.83 5 4.24 3.61 3.16 3 3.16 3.61 5.39 4.47 3.61 2.83 2.24 2 2.24 2.83 5.1 4.12 3.16 2.24 1.41 1 1.41 2.24 5 4 3 2 1 99999 1 2 5.1 4.12 3.16 2.24 1.41 1 1.41 2.24 5.39 4.47 3.61 2.83 2.24 2 2.24 2.83 5.83 5 4.24 3.61 3.16 3 3.16 3.61 6.4 5.66 5 4.47 4.12 4 4.12 4.47 
2.55 6.67 1.58 3.54 3.54 4.74 1.58 2.92 5.7 4.95 6.71 5.83 5 4.24 3.61 3.16 3 3.16 6.32 5.39 4.47 3.61 2.83 2.24 2 2.24 6.08 5.1 4.12 3.16 2.24 1.41 1 1.41 6 5 4 3 2 1 99999 1 6.08 5.1 4.12 3.16 2.24 1.41 1 1.41 6.32 5.39 4.47 3.61 2.83 2.24 2 2.24 6.71 5.83 5 4.24 3.61 3.16 3 3.16 7.21 6.4 5.66 5 4.47 4.12 4 4.12 
2.55 7.65 1.58 4.53 4.53 5.7 2.12 2.55 6.52 5.7 7.62 6.71 5.83 5 4.24 3.61 3.16 3 7.28 6.32 5.39 4.47 3.61 2.83 2.24 2 7.07 6.08 5.1 4.12 3.16 2.24 1.41 1 7 6 5 4 3 2 1 99999 7.07 6.08 5.1 4.12 3.16 2.24 1.41 1 7.28 6.32 5.39 4.47 3.61 2.83 2.24 2 7.62 6.71 5.83 5 4.24 3.61 3.16 3 8.06 7.21 6.4 5.66 5 4.47 4.12 4 
7.38 2.55 6.96 2.92 2.55 1.58 5.52 7.65 2.92 3.54 4 4.12 4.47 5 5.66 6.4 7.21 8.06 3 3.16 3.61 4.24 5 5.83 6.71 7.62 2 2.24 2.83 3.61 4.47 5.39 6.32 7.28 1 1.41 2.24 3.16 4.12 5.1 6.08 7.07 99999 1 2 3 4 5 6 7 1 1.41 2.24 3.16 4.12 5.1 6.08 7.07 2 2.24 2.83 3.61 4.47 5.39 6.32 7.28 3 3.16 3.61 4.24 5 5.83 6.71 7.62 
6.52 2.92 6.04 2.12 1.58 0.71 4.53 6.67 2.55 2.92 4.12 4 4.12 4.47 5 5.66 6.4 7.21 3.16 3 3.16 3.61 4.24 5 5.83 6.71 2.24 2 2.24 2.83 3.61 4.47 5.39 6.32 1.41 1 1.41 2.24 3.16 4.12 5.1 6.08 1 99999 1 2 3 4 5 6 1.41 1 1.41 2.24 3.16 4.12 5.1 6.08 2.24 2 2.24 2.83 3.61 4.47 5.39 6.32 3.16 3 3.16 3.61 4.24 5 5.83 6.71 
5.7 3.54 5.15 1.58 0.71 0.71 3.54 5.7 2.55 2.55 4.47 4.12 4 4.12 4.47 5 5.66 6.4 3.61 3.16 3 3.16 3.61 4.24 5 5.83 2.83 2.24 2 2.24 2.83 3.61 4.47 5.39 2.24 1.41 1 1.41 2.24 3.16 4.12 5.15 2 1 99999 1 2 3 4 5 2.24 1.41 1 1.41 2.24 3.16 4.12 5.15 2.83 2.24 2 2.24 2.83 3.61 4.47 5.39 3.61 3.16 3 3.16 3.61 4.24 5 5.83 
4.95 4.3 4.3 1.58 0.71 1.58 2.55 4.74 2.92 2.55 5 4.47 4.12 4 4.12 4.47 5 5.66 4.24 3.61 3.16 3 3.16 3.61 4.24 5 3.61 2.83 2.24 2 2.24 2.83 3.61 4.47 3.16 2.24 1.41 1 1.41 2.24 3.16 4.12 3 2 1 99999 1 2 3 4 3.16 2.24 1.41 1 1.41 2.24 3.16 4.12 3.61 2.83 2.24 2 2.24 2.83 3.61 4.47 4.24 3.61 3.16 3 3.16 3.61 4.24 5 
4.3 5.15 3.54 2.12 1.58 2.55 1.58 3.81 3.54 2.92 5.66 5 4.47 4.12 4 4.12 4.47 5 5 4.24 3.61 3.16 3 3.16 3.61 4.24 4.47 3.61 2.83 2.24 2 2.24 2.83 3.61 4.12 3.16 2.24 1.41 1 1.41 2.24 3.16 4 3 2 1 99999 1 2 3 4.12 3.16 2.24 1.41 1 1.41 2.24 3.16 4.47 3.61 2.83 2.24 2 2.24 2.83 3.61 5 4.24 3.61 3.16 3 3.16 3.61 4.24 
3.81 6.04 2.92 2.92 2.55 3.54 0.71 2.92 4.3 3.54 6.4 5.66 5 4.47 4.12 4 4.12 4.47 5.83 5 4.24 3.61 3.16 3 3.16 3.61 5.39 4.47 3.61 2.83 2.24 2 2.24 2.83 5.1 4.12 3.16 2.24 1.41 1 1.41 2.24 5 4 3 2 1 99999 1 2 5.1 4.12 3.16 2.24 1.41 1 1.41 2.24 5.39 4.47 3.61 2.83 2.24 2 2.24 2.83 5.83 5 4.24 3.61 3.16 3 3.16 3.61 
3.54 6.96 2.55 3.81 3.54 4.53 0.71 2.12 5.15 4.3 7.21 6.4 5.66 5 4.47 4.12 4 4.12 6.71 5.83 5 4.24 3.61 3.16 3 3.16 6.32 5.39 4.47 3.61 2.83 2.24 2 2.24 6.08 5.1 4.12 3.16 2.24 1.41 1 1.41 6 5 4 3 2 1 99999 1 6.08 5.1 4.12 3.16 2.24 1.41 1 1.41 6.32 5.39 4.47 3.61 2.83 2.24 2 2.24 6.71 5.83 5 4.24 3.61 3.16 3 3.16 
3.54 7.91 2.55 4.74 4.53 5.52 1.58 1.58 6.04 5.15 8.06 7.21 6.4 5.66 5 4.47 4.12 4 7.62 6.71 5.83 5 4.24 3.61 3.16 3 7.28 6.32 5.39 4.47 3.61 2.83 2.24 2 7.07 6.08 5.1 4.12 3.16 2.24 1.41 1 7 6 5 4 3 2 1 99999 7.07 6.08 5.1 4.12 3.16 2.24 1.41 1 7.28 6.32 5.39 4.47 3.61 2.83 2.24 2 7.62 6.71 5.83 5 4.24 3.61 3.16 3 
7.91 3.54 7.38 3.54 2.92 1.58 5.52 7.52 2.12 2.92 5 5.1 5.39 5.83 6.4 7.07 7.81 8.6 4 4.12 4.47 5 5.66 6.4 7.21 8.06 3 3.16 3.61 4.24 5 5.83 6.71 7.62 2 2.24 2.83 3.61 4.47 5.39 6.32 7.28 1 1.41 2.24 3.16 4.12 5.1 6.08 7.07 99999 1 2 3 4 5 6 7 1 1.41 2.24 3.16 4.12 5.1 6.08 7.07 2 2.24 2.83 3.61 4.47 5.39 6.32 7.28 
7.11 3.81 6.52 2.92 2.12 0.71 4.53 6.52 1.58 2.12 5.1 5 5.1 5.39 5.83 6.4 7.07 7.81 4.12 4 4.12 4.47 5 5.66 6.4 7.21 3.16 3 3.16 3.61 4.24 5 5.83 6.71 2.24 2 2.24 2.83 3.61 4.47 5.39 6.32 1.41 1 1.41 2.24 3.16 4.12 5.1 6.08 1 99999 1 2 3 4 5 6 1.41 1 1.41 2.24 3.16 4.12 5.1 6.08 2.24 2 2.24 2.83 3.61 4.47 5.39 6.32 
6.36 4.3 5.7 2.55 1.58 0.71 3.54 5.52 1.58 1.58 5.39 5.1 5 5.1 5.39 5.83 6.4 7.07 4.47 4.12 4 4.12 4.47 5 5.66 6.4 3.61 3.16 3 3.16 3.61 4.24 5 5.83 2.83 2.24 2 2.24 2.83 3.61 4.47 5.39 2.24 1.41 1 1.41 2.24 3.16 4.12 5.15 2 1 99999 1 2 3 4 5 2.24 1.41 1 1.41 2.24 3.16 4.12 5.15 2.83 2.24 2 2.24 2.83 3.61 4.47 5.39 
5.7 4.95 4.95 2.55 1.58 1.58 2.55 4.53 2.12 1.58 5.83 5.39 5.1 5 5.1 5.39 5.83 6.4 5 4.47 4.12 4 4.12 4.47 5 5.66 4.24 3.61 3.16 3 3.16 3.61 4.24 5 3.61 2.83 2.24 2 2.24 2.83 3.61 4.47 3.16 2.24 1.41 1 1.41 2.24 3.16 4.12 3 2 1 99999 1 2 3 4 3.16 2.24 1.41 1 1.41 2.24 3.16 4.12 3.61 2.83 2.24 2 2.24 2.83 3.61 4.47 
5.15 5.7 4.3 2.92 2.12 2.55 1.58 3.54 2.92 2.12 6.4 5.83 5.39 5.1 5 5.1 5.39 5.83 5.66 5 4.47 4.12 4 4.12 4.47 5 5 4.24 3.61 3.16 3 3.16 3.61 4.24 4.47 3.61 2.83 2.24 2 2.24 2.83 3.61 4.12 3.16 2.24 1.41 1 1.41 2.24 3.16 4 3 2 1 99999 1 2 3 4.12 3.16 2.24 1.41 1 1.41 2.24 3.16 4.47 3.61 2.83 2.24 2 2.24 2.83 3.61 
4.74 6.52 3.81 3.54 2.92 3.54 0.71 2.55 3.81 2.92 7.07 6.4 5.83 5.39 5.1 5 5.1 5.39 6.4 5.66 5 4.47 4.12 4 4.12 4.47 5.83 5 4.24 3.61 3.16 3 3.16 3.61 5.39 4.47 3.61 2.83 2.24 2 2.24 2.83 5.1 4.12 3.16 2.24 1.41 1 1.41 2.24 5 4 3 2 1 99999 1 2 5.1 4.12 3.16 2.24 1.41 1 1.41 2.24 5.39 4.47 3.61 2.83 2.24 2 2.24 2.83 
4.53 7.38 3.54 4.3 3.81 4.53 0.71 1.58 4.74 3.81 7.81 7.07 6.4 5.83 5.39 5.1 5 5.1 7.21 6.4 5.66 5 4.47 4.12 4 4.12 6.71 5.83 5 4.24 3.61 3.16 3 3.16 6.32 5.39 4.47 3.61 2.83 2.24 2 2.24 6.08 5.1 4.12 3.16 2.24 1.41 1 1.41 6 5 4 3 2 1 99999 1 6.08 5.1 4.12 3.16 2.24 1.41 1 1.41 6.32 5.39 4.47 3.61 2.83 2.24 2 2.24 
4.53 8.28 3.54 5.15 4.74 5.52 1.58 0.71 5.7 4.74 8.6 7.81 7.07 6.4 5.83 5.39 5.1 5 8.06 7.21 6.4 5.66 5 4.47 4.12 4 7.62 6.71 5.83 5 4.24 3.61 3.16 3 7.28 6.32 5.39 4.47 3.61 2.83 2.24 2 7.07 6.08 5.1 4.12 3.16 2.24 1.41 1 7 6 5 4 3 2 1 99999 7.07 6.08 5.1 4.12 3.16 2.24 1.41 1 7.28 6.32 5.39 4.47 3.61 2.83 2.24 2 
8.51 4.53 7.91 4.3 3.54 2.12 5.7 7.52 1.58 2.55 6 6.08 6.32 6.71 7.21 7.81 8.49 9.22 5 5.1 5.39 5.83 6.4 7.07 7.81 8.6 4 4.12 4.47 5 5.66 6.4 7.21 8.06 3 3.16 3.61 4.24 5 5.83 6.71 7.62 2 2.24 2.83 3.61 4.47 5.39 6.32 7.28 1 1.41 2.24 3.16 4.12 5.1 6.08 7.07 99999 1 2 3 4 5 6 7 1 1.41 2.24 3.16 4.12 5.1 6.08 7.07 
7.78 4.74 7.11 3.81 2.92 1.58 4.74 6.52 0.71 1.58 6.08 6 6.08 6.32 6.71 7.21 7.81 8.49 5.1 5 5.1 5.39 5.83 6.4 7.07 7.81 4.12 4 4.12 4.47 5 5.66 6.4 7.21 3.16 3 3.16 3.61 4.24 5 5.83 6.71 2.24 2 2.24 2.83 3.61 4.47 5.39 6.32 1.41 1 1.41 2.24 3.16 4.12 5.1 6.08 1 99999 1 2 3 4 5 6 1.41 1 1.41 2.24 3.16 4.12 5.1 6.08 
7.11 5.15 6.36 3.54 2.55 1.58 3.81 5.52 0.71 0.71 6.32 6.08 6 6.08 6.32 6.71 7.21 7.81 5.39 5.1 5 5.1 5.39 5.83 6.4 7.07 4.47 4.12 4 4.12 4.47 5 5.66 6.4 3.61 3.16 3 3.16 3.61 4.24 5 5.83 2.83 2.24 2 2.24 2.83 3.61 4.47 5.39 2.24 1.41 1 1.41 2.24 3.16 4.12 5.15 2 1 99999 1 2 3 4 5 2.24 1.41 1 1.41 2.24 3.16 4.12 5.1 
6.52 5.7 5.7 3.54 2.55 2.12 2.92 4.53 1.58 0.71 6.71 6.32 6.08 6 6.08 6.32 6.71 7.21 5.83 5.39 5.1 5 5.1 5.39 5.83 6.4 5 4.47 4.12 4 4.12 4.47 5 5.66 4.24 3.61 3.16 3 3.16 3.61 4.24 5 3.61 2.83 2.24 2 2.24 2.83 3.61 4.47 3.16 2.24 1.41 1 1.41 2.24 3.16 4.12 3 2 1 99999 1 2 3 4 3.16 2.24 1.41 1 1.41 2.24 3.16 4.12 
6.04 6.36 5.15 3.81 2.92 2.92 2.12 3.54 2.55 1.58 7.21 6.71 6.32 6.08 6 6.08 6.32 6.71 6.4 5.83 5.39 5.1 5 5.1 5.39 5.83 5.66 5 4.47 4.12 4 4.12 4.47 5 5 4.24 3.61 3.16 3 3.16 3.61 4.24 4.47 3.61 2.83 2.24 2 2.24 2.83 3.61 4.12 3.16 2.24 1.41 1 1.41 2.24 3.16 4 3 2 1 99999 1 2 3 4.12 3.16 2.24 1.41 1 1.41 2.24 3.16 
5.7 7.11 4.74 4.3 3.54 3.81 1.58 2.55 3.54 2.55 7.81 7.21 6.71 6.32 6.08 6 6.08 6.32 7.07 6.4 5.83 5.39 5.1 5 5.1 5.39 6.4 5.66 5 4.47 4.12 4 4.12 4.47 5.83 5 4.24 3.61 3.16 3 3.16 3.61 5.39 4.47 3.61 2.83 2.24 2 2.24 2.83 5.1 4.12 3.16 2.24 1.41 1 1.41 2.24 5 4 3 2 1 99999 1 2 5.1 4.12 3.16 2.24 1.41 1 1.41 2.24 
5.52 7.91 4.53 4.95 4.3 4.74 1.58 1.58 4.53 3.54 8.49 7.81 7.21 6.71 6.32 6.08 6 6.08 7.81 7.07 6.4 5.83 5.39 5.1 5 5.1 7.21 6.4 5.66 5 4.47 4.12 4 4.12 6.71 5.83 5 4.24 3.61 3.16 3 3.16 6.32 5.39 4.47 3.61 2.83 2.24 2 2.24 6.08 5.1 4.12 3.16 2.24 1.41 1 1.41 6 5 4 3 2 1 99999 1 6.08 5.1 4.12 3.16 2.24 1.41 1 1.41 
5.52 8.75 4.53 5.7 5.15 5.7 2.12 0.71 5.52 4.53 9.22 8.49 7.81 7.21 6.71 6.32 6.08 6 8.6 7.81 7.07 6.4 5.83 5.39 5.1 5 8.06 7.21 6.4 5.66 5 4.47 4.12 4 7.62 6.71 5.83 5 4.24 3.61 3.16 3 7.28 6.32 5.39 4.47 3.61 2.83 2.24 2 7.07 6.08 5.1 4.12 3.16 2.24 1.41 1 7 6 5 4 3 2 1 99999 7.07 6.08 5.1 4.12 3.16 2.24 1.41 1 
9.19 5.52 8.51 5.15 4.3 2.92 6.04 7.65 1.58 2.55 7 7.07 7.28 7.62 8.06 8.6 9.22 9.9 6 6.08 6.32 6.71 7.21 7.81 8.49 9.22 5 5.1 5.39 5.83 6.4 7.07 7.81 8.6 4 4.12 4.47 5 5.66 6.4 7.21 8.06 3 3.16 3.61 4.24 5 5.83 6.71 7.62 2 2.24 2.83 3.61 4.47 5.39 6.32 7.28 1 1.41 2.24 3.16 4.12 5.1 6.08 7.07 99999 1 2 3 4 5 6 7 
8.51 5.7 7.78 4.74 3.81 2.55 5.15 6.67 0.71 1.58 7.07 7 7.07 7.28 7.62 8.06 8.6 9.22 6.08 6 6.08 6.32 6.71 7.21 7.81 8.49 5.1 5 5.1 5.39 5.83 6.4 7.07 7.81 4.12 4 4.12 4.47 5 5.66 6.4 7.21 3.16 3 3.16 3.61 4.24 5 5.83 6.71 2.24 2 2.24 2.83 3.61 4.47 5.39 6.32 1.41 1 1.41 2.24 3.16 4.12 5.1 6.08 1 99999 1 2 3 4 5 6 
7.91 6.04 7.11 4.53 3.54 2.55 4.3 5.7 0.71 0.71 7.28 7.07 7 7.07 7.28 7.62 8.06 8.6 6.32 6.08 6 6.08 6.32 6.71 7.21 7.81 5.39 5.1 5 5.1 5.39 5.83 6.4 7.07 4.47 4.12 4 4.12 4.47 5 5.66 6.4 3.61 3.16 3 3.16 3.61 4.24 5 5.83 2.83 2.24 2 2.24 2.83 3.61 4.47 5.39 2.24 1.41 1 1.41 2.24 3.16 4.12 5.15 2 1 99999 1 2 3 4 5 
7.38 6.52 6.52 4.53 3.54 2.92 3.54 4.74 1.58 0.71 7.62 7.28 7.07 7 7.07 7.28 7.62 8.06 6.71 6.32 6.08 6 6.08 6.32 6.71 7.21 5.83 5.39 5.1 5 5.1 5.39 5.83 6.4 5 4.47 4.12 4 4.12 4.47 5 5.66 4.24 3.61 3.16 3 3.16 3.61 4.24 5 3.61 2.83 2.24 2 2.24 2.83 3.61 4.47 3.16 2.24 1.41 1 1.41 2.24 3.16 4.12 3 2 1 99999 1 2 3 4 
6.96 7.11 6.04 4.74 3.81 3.54 2.92 3.81 2.55 1.58 8.06 7.62 7.28 7.07 7 7.07 7.28 7.62 7.21 6.71 6.32 6.08 6 6.08 6.32 6.71 6.4 5.83 5.39 5.1 5 5.1 5.39 5.83 5.66 5 4.47 4.12 4 4.12 4.47 5 5 4.24 3.61 3.16 3 3.16 3.61 4.24 4.47 3.61 2.83 2.24 2 2.24 2.83 3.61 4.12 3.16 2.24 1.41 1 1.41 2.24 3.16 4 3 2 1 99999 1 2 3 
6.67 7.78 5.7 5.15 4.3 4.3 2.55 2.92 3.54 2.55 8.6 8.06 7.62 7.28 7.07 7 7.07 7.28 7.81 7.21 6.71 6.32 6.08 6 6.08 6.32 7.07 6.4 5.83 5.39 5.1 5 5.1 5.39 6.4 5.66 5 4.47 4.12 4 4.12 4.47 5.83 5 4.24 3.61 3.16 3 3.16 3.61 5.39 4.47 3.61 2.83 2.24 2 2.24 2.83 5.1 4.12 3.16 2.24 1.41 1 1.41 2.24 5 4 3 2 1 99999 1 2 
6.52 8.51 5.52 5.7 4.95 5.15 2.55 2.12 4.53 3.54 9.22 8.6 8.06 7.62 7.28 7.07 7 7.07 8.49 7.81 7.21 6.71 6.32 6.08 6 6.08 7.81 7.07 6.4 5.83 5.39 5.1 5 5.1 7.21 6.4 5.66 5 4.47 4.12 4 4.12 6.71 5.83 5 4.24 3.61 3.16 3 3.16 6.32 5.39 4.47 3.61 2.83 2.24 2 2.24 6.08 5.1 4.12 3.16 2.24 1.41 1 1.41 6 5 4 3 2 1 99999 1 
6.52 9.3 5.52 6.36 5.7 6.04 2.92 1.58 5.52 4.53 9.9 9.22 8.6 8.06 7.62 7.28 7.07 7 9.22 8.49 7.81 7.21 6.71 6.32 6.08 6 8.6 7.81 7.07 6.4 5.83 5.39 5.1 5 8.06 7.21 6.4 5.66 5 4.47 4.12 4 7.62 6.71 5.83 5 4.24 3.61 3.16 3 7.28 6.32 5.39 4.47 3.61 2.83 2.24 2 7.07 6.08 5.1 4.12 3.16 2.24 1.41 1 7 6 5 4 3 2 1 99999 
