81 6 2 7 64
2 20 1 5
150 20 0 6

0 4 0 1 9 10 
1 4 7 8 16 17 
2 9 0 1 2 9 10 11 18 19 20 
3 9 12 13 14 21 22 23 30 31 32 
4 9 13 14 15 22 23 24 31 32 33 
5 9 18 19 20 27 28 29 36 37 38 
6 9 32 33 34 41 42 43 50 51 52 
7 6 36 37 45 46 54 55 
8 9 37 38 39 46 47 48 55 56 57 
9 9 39 40 41 48 49 50 57 58 59 
10 9 49 50 51 58 59 60 67 68 69 
11 9 51 52 53 60 61 62 69 70 71 
12 6 52 53 61 62 70 71 
13 6 54 55 63 64 72 73 
14 4 63 64 72 73 
15 4 0 1 9 10 
16 4 1 2 10 11 
17 4 2 3 11 12 
18 4 3 4 12 13 
19 4 4 5 13 14 
20 4 5 6 14 15 
21 4 6 7 15 16 
22 4 7 8 16 17 
23 4 9 10 18 19 
24 4 10 11 19 20 
25 4 11 12 20 21 
26 4 12 13 21 22 
27 4 13 14 22 23 
28 4 14 15 23 24 
29 4 15 16 24 25 
30 4 16 17 25 26 
31 4 18 19 27 28 
32 4 19 20 28 29 
33 4 20 21 29 30 
34 4 21 22 30 31 
35 4 22 23 31 32 
36 4 23 24 32 33 
37 4 24 25 33 34 
38 4 25 26 34 35 
39 4 27 28 36 37 
40 4 28 29 37 38 
41 4 29 30 38 39 
42 4 30 31 39 40 
43 4 31 32 40 41 
44 4 32 33 41 42 
45 4 33 34 42 43 
46 4 34 35 43 44 
47 4 36 37 45 46 
48 4 37 38 46 47 
49 4 38 39 47 48 
50 4 39 40 48 49 
51 4 40 41 49 50 
52 4 41 42 50 51 
53 4 42 43 51 52 
54 4 43 44 52 53 
55 4 45 46 54 55 
56 4 46 47 55 56 
57 4 47 48 56 57 
58 4 48 49 57 58 
59 4 49 50 58 59 
60 4 50 51 59 60 
61 4 51 52 60 61 
62 4 52 53 61 62 
63 4 54 55 63 64 
64 4 55 56 64 65 
65 4 56 57 65 66 
66 4 57 58 66 67 
67 4 58 59 67 68 
68 4 59 60 68 69 
69 4 60 61 69 70 
70 4 61 62 70 71 
71 4 63 64 72 73 
72 4 64 65 73 74 
73 4 65 66 74 75 
74 4 66 67 75 76 
75 4 67 68 76 77 
76 4 68 69 77 78 
77 4 69 70 78 79 
78 4 70 71 79 80 

99999 8 1.41 4.47 5.39 3.16 7.21 5 5.39 6.4 7.81 9.22 10 7 8 0.71 1.58 2.55 3.54 4.53 5.52 6.52 7.52 1.58 2.12 2.92 3.81 4.74 5.7 6.67 7.65 2.55 2.92 3.54 4.3 5.15 6.04 6.96 7.91 3.54 3.81 4.3 4.95 5.7 6.52 7.38 8.28 4.53 4.74 5.15 5.7 6.36 7.11 7.91 8.75 5.52 5.7 6.04 6.52 7.11 7.78 8.51 9.3 6.52 6.67 6.96 7.38 7.91 8.51 9.19 9.92 7.52 7.65 7.91 8.28 8.75 9.3 9.92 10.61 
8 99999 7.07 4.47 3.61 7.62 4.47 9.43 7.81 6.4 6.71 6.08 6 10.63 11.31 7.52 6.52 5.52 4.53 3.54 2.55 1.58 0.71 7.65 6.67 5.7 4.74 3.81 2.92 2.12 1.58 7.91 6.96 6.04 5.15 4.3 3.54 2.92 2.55 8.28 7.38 6.52 5.7 4.95 4.3 3.81 3.54 8.75 7.91 7.11 6.36 5.7 5.15 4.74 4.53 9.3 8.51 7.78 7.11 6.52 6.04 5.7 5.52 9.92 9.19 8.51 7.91 7.38 6.96 6.67 6.52 10.61 9.92 9.3 8.75 8.28 7.91 7.65 7.52 
1.41 7.07 99999 3.16 4.12 2 5.83 4.12 4.12 5 6.4 7.81 8.6 6.08 7.07 0.71 0.71 1.58 2.55 3.54 4.53 5.52 6.52 0.71 0.71 1.58 2.55 3.54 4.53 5.52 6.52 1.58 1.58 2.12 2.92 3.81 4.74 5.7 6.67 2.55 2.55 2.92 3.54 4.3 5.15 6.04 6.96 3.54 3.54 3.81 4.3 4.95 5.7 6.52 7.38 4.53 4.53 4.74 5.15 5.7 6.36 7.11 7.91 5.52 5.52 5.7 6.04 6.52 7.11 7.78 8.51 6.52 6.52 6.67 6.96 7.38 7.91 8.51 9.19 
4.47 4.47 3.16 99999 1 3.16 2.83 5 3.61 3 4.12 5 5.66 6.4 7.21 3.81 2.92 2.12 1.58 1.58 2.12 2.92 3.81 3.54 2.55 1.58 0.71 0.71 1.58 2.55 3.54 3.54 2.55 1.58 0.71 0.71 1.58 2.55 3.54 3.81 2.92 2.12 1.58 1.58 2.12 2.92 3.81 4.3 3.54 2.92 2.55 2.55 2.92 3.54 4.3 4.95 4.3 3.81 3.54 3.54 3.81 4.3 4.95 5.7 5.15 4.74 4.53 4.53 4.74 5.15 5.7 6.52 6.04 5.7 5.52 5.52 5.7 6.04 6.52 
5.39 3.61 4.12 1 99999 4.12 2.24 5.83 4.24 3.16 4 4.47 5 7.07 7.81 4.74 3.81 2.92 2.12 1.58 1.58 2.12 2.92 4.53 3.54 2.55 1.58 0.71 0.71 1.58 2.55 4.53 3.54 2.55 1.58 0.71 0.71 1.58 2.55 4.74 3.81 2.92 2.12 1.58 1.58 2.12 2.92 5.15 4.3 3.54 2.92 2.55 2.55 2.92 3.54 5.7 4.95 4.3 3.81 3.54 3.54 3.81 4.3 6.36 5.7 5.15 4.74 4.53 4.53 4.74 5.15 7.11 6.52 6.04 5.7 5.52 5.52 5.7 6.04 
3.16 7.62 2 3.16 4.12 99999 5.15 2.24 2.24 3.61 5 6.71 7.62 4.12 5.15 2.55 2.55 2.92 3.54 4.3 5.15 6.04 6.96 1.58 1.58 2.12 2.92 3.81 4.74 5.7 6.67 0.71 0.71 1.58 2.55 3.54 4.53 5.52 6.52 0.71 0.71 1.58 2.55 3.54 4.53 5.52 6.52 1.58 1.58 2.12 2.92 3.81 4.74 5.7 6.67 2.55 2.55 2.92 3.54 4.3 5.15 6.04 6.96 3.54 3.54 3.81 4.3 4.95 5.7 6.52 7.38 4.53 4.53 4.74 5.15 5.7 6.36 7.11 7.91 
7.21 4.47 5.83 2.83 2.24 5.1 99999 6.08 4.12 2.24 2.24 2.24 2.83 6.71 7.21 6.52 5.7 4.95 4.3 3.81 3.54 3.54 3.81 6.04 5.15 4.3 3.54 2.92 2.55 2.55 2.92 5.7 4.74 3.81 2.92 2.12 1.58 1.58 2.12 5.52 4.53 3.54 2.55 1.58 0.71 0.71 1.58 5.52 4.53 3.54 2.55 1.58 0.71 0.71 1.58 5.7 4.74 3.81 2.92 2.12 1.58 1.58 2.12 6.04 5.15 4.3 3.54 2.92 2.55 2.55 2.92 6.52 5.7 4.95 4.3 3.81 3.54 3.54 3.81 
5 9.43 4.12 5 5.83 2.24 6.08 99999 2 4 5.1 7.07 8.06 2 3 4.53 4.74 5.15 5.7 6.36 7.11 7.91 8.75 3.54 3.81 4.3 4.95 5.7 6.52 7.38 8.28 2.55 2.92 3.54 4.3 5.15 6.04 6.96 7.91 1.58 2.12 2.92 3.81 4.74 5.7 6.67 7.65 0.71 1.58 2.55 3.54 4.53 5.52 6.52 7.52 0.71 1.58 2.55 3.54 4.53 5.52 6.52 7.52 1.58 2.12 2.92 3.81 4.74 5.7 6.67 7.65 2.55 2.92 3.54 4.3 5.15 6.04 6.96 7.91 
5.39 7.81 4.12 3.61 4.24 2.24 4.12 2 99999 2 3.16 5.1 6.08 2.83 3.61 4.74 4.53 4.53 4.74 5.15 5.7 6.36 7.11 3.81 3.54 3.54 3.81 4.3 4.95 5.7 6.52 2.92 2.55 2.55 2.92 3.54 4.3 5.15 6.04 2.12 1.58 1.58 2.12 2.92 3.81 4.74 5.7 1.58 0.71 0.71 1.58 2.55 3.54 4.53 5.52 1.58 0.71 0.71 1.58 2.55 3.54 4.53 5.52 2.12 1.58 1.58 2.12 2.92 3.81 4.74 5.7 2.92 2.55 2.55 2.92 3.54 4.3 5.15 6.04 
6.4 6.4 5 3 3.16 3.61 2.24 4 2 99999 1.41 3.16 4.12 4.47 5 5.7 5.15 4.74 4.53 4.53 4.74 5.15 5.7 4.95 4.3 3.81 3.54 3.54 3.81 4.3 4.95 4.3 3.54 2.92 2.55 2.55 2.92 3.54 4.3 3.81 2.92 2.12 1.58 1.58 2.12 2.92 3.81 3.54 2.55 1.58 0.71 0.71 1.58 2.55 3.54 3.54 2.55 1.58 0.71 0.71 1.58 2.55 3.54 3.81 2.92 2.12 1.58 1.58 2.12 2.92 3.81 4.3 3.54 2.92 2.55 2.55 2.92 3.54 4.3 
7.81 6.71 6.4 4.12 4 5 2.24 5.1 3.16 1.41 99999 2 3 5.1 5.39 7.11 6.52 6.04 5.7 5.52 5.52 5.7 6.04 6.36 5.7 5.15 4.74 4.53 4.53 4.74 5.15 5.7 4.95 4.3 3.81 3.54 3.54 3.81 4.3 5.15 4.3 3.54 2.92 2.55 2.55 2.92 3.54 4.74 3.81 2.92 2.12 1.58 1.58 2.12 2.92 4.53 3.54 2.55 1.58 0.71 0.71 1.58 2.55 4.53 3.54 2.55 1.58 0.71 0.71 1.58 2.55 4.74 3.81 2.92 2.12 1.58 1.58 2.12 2.92 
9.22 6.08 7.81 5 4.47 6.71 2.24 7.07 5.1 3.16 2 99999 1 7.07 7.28 8.51 7.78 7.11 6.52 6.04 5.7 5.52 5.52 7.91 7.11 6.36 5.7 5.15 4.74 4.53 4.53 7.38 6.52 5.7 4.95 4.3 3.81 3.54 3.54 6.96 6.04 5.15 4.3 3.54 2.92 2.55 2.55 6.67 5.7 4.74 3.81 2.92 2.12 1.58 1.58 6.52 5.52 4.53 3.54 2.55 1.58 0.71 0.71 6.52 5.52 4.53 3.54 2.55 1.58 0.71 0.71 6.67 5.7 4.74 3.81 2.92 2.12 1.58 1.58 
10 6 8.6 5.66 5 7.62 2.83 8.06 6.08 4.12 3 1 99999 8.06 8.25 9.3 8.51 7.78 7.11 6.52 6.04 5.7 5.52 8.75 7.91 7.11 6.36 5.7 5.15 4.74 4.53 8.28 7.38 6.52 5.7 4.95 4.3 3.81 3.54 7.91 6.96 6.04 5.15 4.3 3.54 2.92 2.55 7.65 6.67 5.7 4.74 3.81 2.92 2.12 1.58 7.52 6.52 5.52 4.53 3.54 2.55 1.58 0.71 7.52 6.52 5.52 4.53 3.54 2.55 1.58 0.71 7.65 6.67 5.7 4.74 3.81 2.92 2.12 1.58 
7 10.63 6.08 6.4 7.07 4.12 6.71 2 2.83 4.47 5.1 7.07 8.06 99999 1 6.52 6.67 6.96 7.38 7.91 8.51 9.19 9.92 5.52 5.7 6.04 6.52 7.11 7.78 8.51 9.3 4.53 4.74 5.15 5.7 6.36 7.11 7.91 8.75 3.54 3.81 4.3 4.95 5.7 6.52 7.38 8.28 2.55 2.92 3.54 4.3 5.15 6.04 6.96 7.91 1.58 2.12 2.92 3.81 4.74 5.7 6.67 7.65 0.71 1.58 2.55 3.54 4.53 5.52 6.52 7.52 0.71 1.58 2.55 3.54 4.53 5.52 6.52 7.52 
8 11.31 7.07 7.21 7.81 5.1 7.21 3 3.61 5 5.39 7.28 8.25 1 99999 7.52 7.65 7.91 8.28 8.75 9.3 9.92 10.61 6.52 6.67 6.96 7.38 7.91 8.51 9.19 9.92 5.52 5.7 6.04 6.52 7.11 7.78 8.51 9.3 4.53 4.74 5.15 5.7 6.36 7.11 7.91 8.75 3.54 3.81 4.3 4.95 5.7 6.52 7.38 8.28 2.55 2.92 3.54 4.3 5.15 6.04 6.96 7.91 1.58 2.12 2.92 3.81 4.74 5.7 6.67 7.65 0.71 1.58 2.55 3.54 4.53 5.52 6.52 7.52 
0.71 7.52 0.71 3.81 4.74 2.55 6.52 4.53 4.74 5.7 7.11 8.51 9.3 6.52 7.52 99999 1 2 3 4 5 6 7 1 1.41 2.24 3.16 4.12 5.1 6.08 7.07 2 2.24 2.83 3.61 4.47 5.39 6.32 7.28 3 3.16 3.61 4.24 5 5.83 6.71 7.62 4 4.12 4.47 5 5.66 6.4 7.21 8.06 5 5.1 5.39 5.83 6.4 7.07 7.81 8.6 6 6.08 6.32 6.71 7.21 7.81 8.49 9.22 7 7.07 7.28 7.62 8.06 8.6 9.22 9.9 
1.58 6.52 0.71 2.92 3.81 2.55 5.7 4.74 4.53 5.15 6.52 7.78 8.51 6.67 7.65 1 99999 1 2 3 4 5 6 1.41 1 1.41 2.24 3.16 4.12 5.1 6.08 2.24 2 2.24 2.83 3.61 4.47 5.39 6.32 3.16 3 3.16 3.61 4.24 5 5.83 6.71 4.12 4 4.12 4.47 5 5.66 6.4 7.21 5.1 5 5.1 5.39 5.83 6.4 7.07 7.81 6.08 6 6.08 6.32 6.71 7.21 7.81 8.49 7.07 7 7.07 7.28 7.62 8.06 8.6 9.22 
2.55 5.52 1.58 2.12 2.92 2.92 4.95 5.15 4.53 4.74 6.04 7.11 7.78 6.96 7.91 2 1 99999 1 2 3 4 5 2.24 1.41 1 1.41 2.24 3.16 4.12 5.15 2.83 2.24 2 2.24 2.83 3.61 4.47 5.39 3.61 3.16 3 3.16 3.61 4.24 5 5.83 4.47 4.12 4 4.12 4.47 5 5.66 6.4 5.39 5.1 5 5.1 5.39 5.83 6.4 7.07 6.32 6.08 6 6.08 6.32 6.71 7.21 7.81 7.28 7.07 7 7.07 7.28 7.62 8.06 8.6 
3.54 4.53 2.55 1.58 2.12 3.54 4.3 5.7 4.74 4.53 5.7 6.52 7.11 7.38 8.28 3 2 1 99999 1 2 3 4 3.16 2.24 1.41 1 1.41 2.24 3.16 4.12 3.61 2.83 2.24 2 2.24 2.83 3.61 4.47 4.24 3.61 3.16 3 3.16 3.61 4.24 5 5 4.47 4.12 4 4.12 4.47 5 5.66 5.83 5.39 5.1 5 5.1 5.39 5.83 6.4 6.71 6.32 6.08 6 6.08 6.32 6.71 7.21 7.62 7.28 7.07 7 7.07 7.28 7.62 8.06 
4.53 3.54 3.54 1.58 1.58 4.3 3.81 6.36 5.15 4.53 5.52 6.04 6.52 7.91 8.75 4 3 2 1 99999 1 2 3 4.12 3.16 2.24 1.41 1 1.41 2.24 3.16 4.47 3.61 2.83 2.24 2 2.24 2.83 3.61 5 4.24 3.61 3.16 3 3.16 3.61 4.24 5.66 5 4.47 4.12 4 4.12 4.47 5 6.4 5.83 5.39 5.1 5 5.1 5.39 5.83 7.21 6.71 6.32 6.08 6 6.08 6.32 6.71 8.06 7.62 7.28 7.07 7 7.07 7.28 7.62 
5.52 2.55 4.53 2.12 1.58 5.15 3.54 7.11 5.7 4.74 5.52 5.7 6.04 8.51 9.3 5 4 3 2 1 99999 1 2 5.1 4.12 3.16 2.24 1.41 1 1.41 2.24 5.39 4.47 3.61 2.83 2.24 2 2.24 2.83 5.83 5 4.24 3.61 3.16 3 3.16 3.61 6.4 5.66 5 4.47 4.12 4 4.12 4.47 7.07 6.4 5.83 5.39 5.1 5 5.1 5.39 7.81 7.21 6.71 6.32 6.08 6 6.08 6.32 8.6 8.06 7.62 7.28 7.07 7 7.07 7.28 
6.52 1.58 5.52 2.92 2.12 6.04 3.54 7.91 6.36 5.15 5.7 5.52 5.7 9.19 9.92 6 5 4 3 2 1 99999 1 6.08 5.1 4.12 3.16 2.24 1.41 1 1.41 6.32 5.39 4.47 3.61 2.83 2.24 2 2.24 6.71 5.83 5 4.24 3.61 3.16 3 3.16 7.21 6.4 5.66 5 4.47 4.12 4 4.12 7.81 7.07 6.4 5.83 5.39 5.1 5 5.1 8.49 7.81 7.21 6.71 6.32 6.08 6 6.08 9.22 8.6 8.06 7.62 7.28 7.07 7 7.07 
7.52 0.71 6.52 3.81 2.92 6.96 3.81 8.75 7.11 5.7 6.04 5.52 5.52 9.92 10.61 7 6 5 4 3 2 1 99999 7.07 6.08 5.1 4.12 3.16 2.24 1.41 1 7.28 6.32 5.39 4.47 3.61 2.83 2.24 2 7.62 6.71 5.83 5 4.24 3.61 3.16 3 8.06 7.21 6.4 5.66 5 4.47 4.12 4 8.6 7.81 7.07 6.4 5.83 5.39 5.1 5 9.22 8.49 7.81 7.21 6.71 6.32 6.08 6 9.9 9.22 8.6 8.06 7.62 7.28 7.07 7 
1.58 7.65 0.71 3.54 4.53 1.58 6.04 3.54 3.81 4.95 6.36 7.91 8.75 5.52 6.52 1 1.41 2.24 3.16 4.12 5.1 6.08 7.07 99999 1 2 3 4 5 6 7 1 1.41 2.24 3.16 4.12 5.1 6.08 7.07 2 2.24 2.83 3.61 4.47 5.39 6.32 7.28 3 3.16 3.61 4.24 5 5.83 6.71 7.62 4 4.12 4.47 5 5.66 6.4 7.21 8.06 5 5.1 5.39 5.83 6.4 7.07 7.81 8.6 6 6.08 6.32 6.71 7.21 7.81 8.49 9.22 
2.12 6.67 0.71 2.55 3.54 1.58 5.15 3.81 3.54 4.3 5.7 7.11 7.91 5.7 6.67 1.41 1 1.41 2.24 3.16 4.12 5.1 6.08 1 99999 1 2 3 4 5 6 1.41 1 1.41 2.24 3.16 4.12 5.1 6.08 2.24 2 2.24 2.83 3.61 4.47 5.39 6.32 3.16 3 3.16 3.61 4.24 5 5.83 6.71 4.12 4 4.12 4.47 5 5.66 6.4 7.21 5.1 5 5.1 5.39 5.83 6.4 7.07 7.81 6.08 6 6.08 6.32 6.71 7.21 7.81 8.49 
2.92 5.7 1.58 1.58 2.55 2.12 4.3 4.3 3.54 3.81 5.15 6.36 7.11 6.04 6.96 2.24 1.41 1 1.41 2.24 3.16 4.12 5.15 2 1 99999 1 2 3 4 5 2.24 1.41 1 1.41 2.24 3.16 4.12 5.15 2.83 2.24 2 2.24 2.83 3.61 4.47 5.39 3.61 3.16 3 3.16 3.61 4.24 5 5.83 4.47 4.12 4 4.12 4.47 5 5.66 6.4 5.39 5.1 5 5.1 5.39 5.83 6.4 7.07 6.32 6.08 6 6.08 6.32 6.71 7.21 7.81 
3.81 4.74 2.55 0.71 1.58 2.92 3.54 4.95 3.81 3.54 4.74 5.7 6.36 6.52 7.38 3.16 2.24 1.41 1 1.41 2.24 3.16 4.12 3 2 1 99999 1 2 3 4 3.16 2.24 1.41 1 1.41 2.24 3.16 4.12 3.61 2.83 2.24 2 2.24 2.83 3.61 4.47 4.24 3.61 3.16 3 3.16 3.61 4.24 5 5 4.47 4.12 4 4.12 4.47 5 5.66 5.83 5.39 5.1 5 5.1 5.39 5.83 6.4 6.71 6.32 6.08 6 6.08 6.32 6.71 7.21 
4.74 3.81 3.54 0.71 0.71 3.81 2.92 5.7 4.3 3.54 4.53 5.15 5.7 7.11 7.91 4.12 3.16 2.24 1.41 1 1.41 2.24 3.16 4 3 2 1 99999 1 2 3 4.12 3.16 2.24 1.41 1 1.41 2.24 3.16 4.47 3.61 2.83 2.24 2 2.24 2.83 3.61 5 4.24 3.61 3.16 3 3.16 3.61 4.24 5.66 5 4.47 4.12 4 4.12 4.47 5 6.4 5.83 5.39 5.1 5 5.1 5.39 5.83 7.21 6.71 6.32 6.08 6 6.08 6.32 6.71 
5.7 2.92 4.53 1.58 0.71 4.74 2.55 6.52 4.95 3.81 4.53 4.74 5.15 7.78 8.51 5.1 4.12 3.16 2.24 1.41 1 1.41 2.24 5 4 3 2 1 99999 1 2 5.1 4.12 3.16 2.24 1.41 1 1.41 2.24 5.39 4.47 3.61 2.83 2.24 2 2.24 2.83 5.83 5 4.24 3.61 3.16 3 3.16 3.61 6.4 5.66 5 4.47 4.12 4 4.12 4.47 7.07 6.4 5.83 5.39 5.1 5 5.1 5.39 7.81 7.21 6.71 6.32 6.08 6 6.08 6.32 
6.67 2.12 5.52 2.55 1.58 5.7 2.55 7.38 5.7 4.3 4.74 4.53 4.74 8.51 9.19 6.08 5.1 4.12 3.16 2.24 1.41 1 1.41 6 5 4 3 2 1 99999 1 6.08 5.1 4.12 3.16 2.24 1.41 1 1.41 6.32 5.39 4.47 3.61 2.83 2.24 2 2.24 6.71 5.83 5 4.24 3.61 3.16 3 3.16 7.21 6.4 5.66 5 4.47 4.12 4 4.12 7.81 7.07 6.4 5.83 5.39 5.1 5 5.1 8.49 7.81 7.21 6.71 6.32 6.08 6 6.08 
7.65 1.58 6.52 3.54 2.55 6.67 2.92 8.28 6.52 4.95 5.15 4.53 4.53 9.3 9.92 7.07 6.08 5.1 4.12 3.16 2.24 1.41 1 7 6 5 4 3 2 1 99999 7.07 6.08 5.1 4.12 3.16 2.24 1.41 1 7.28 6.32 5.39 4.47 3.61 2.83 2.24 2 7.62 6.71 5.83 5 4.24 3.61 3.16 3 8.06 7.21 6.4 5.66 5 4.47 4.12 4 8.6 7.81 7.07 6.4 5.83 5.39 5.1 5 9.22 8.49 7.81 7.21 6.71 6.32 6.08 6 
2.55 7.91 1.58 3.54 4.53 0.71 5.7 2.55 2.92 4.3 5.7 7.38 8.28 4.53 5.52 2 2.24 2.83 3.61 4.47 5.39 6.32 7.28 1 1.41 2.24 3.16 4.12 5.1 6.08 7.07 99999 1 2 3 4 5 6 7 1 1.41 2.24 3.16 4.12 5.1 6.08 7.07 2 2.24 2.83 3.61 4.47 5.39 6.32 7.28 3 3.16 3.61 4.24 5 5.83 6.71 7.62 4 4.12 4.47 5 5.66 6.4 7.21 8.06 5 5.1 5.39 5.83 6.4 7.07 7.81 8.6 
2.92 6.96 1.58 2.55 3.54 0.71 4.74 2.92 2.55 3.54 4.95 6.52 7.38 4.74 5.7 2.24 2 2.24 2.83 3.61 4.47 5.39 6.32 1.41 1 1.41 2.24 3.16 4.12 5.1 6.08 1 99999 1 2 3 4 5 6 1.41 1 1.41 2.24 3.16 4.12 5.1 6.08 2.24 2 2.24 2.83 3.61 4.47 5.39 6.32 3.16 3 3.16 3.61 4.24 5 5.83 6.71 4.12 4 4.12 4.47 5 5.66 6.4 7.21 5.1 5 5.1 5.39 5.83 6.4 7.07 7.81 
3.54 6.04 2.12 1.58 2.55 1.58 3.81 3.54 2.55 2.92 4.3 5.7 6.52 5.15 6.04 2.83 2.24 2 2.24 2.83 3.61 4.47 5.39 2.24 1.41 1 1.41 2.24 3.16 4.12 5.15 2 1 99999 1 2 3 4 5 2.24 1.41 1 1.41 2.24 3.16 4.12 5.15 2.83 2.24 2 2.24 2.83 3.61 4.47 5.39 3.61 3.16 3 3.16 3.61 4.24 5 5.83 4.47 4.12 4 4.12 4.47 5 5.66 6.4 5.39 5.1 5 5.1 5.39 5.83 6.4 7.07 
4.3 5.15 2.92 0.71 1.58 2.55 2.92 4.3 2.92 2.55 3.81 4.95 5.7 5.7 6.52 3.61 2.83 2.24 2 2.24 2.83 3.61 4.47 3.16 2.24 1.41 1 1.41 2.24 3.16 4.12 3 2 1 99999 1 2 3 4 3.16 2.24 1.41 1 1.41 2.24 3.16 4.12 3.61 2.83 2.24 2 2.24 2.83 3.61 4.47 4.24 3.61 3.16 3 3.16 3.61 4.24 5 5 4.47 4.12 4 4.12 4.47 5 5.66 5.83 5.39 5.1 5 5.1 5.39 5.83 6.4 
5.15 4.3 3.81 0.71 0.71 3.54 2.12 5.15 3.54 2.55 3.54 4.3 4.95 6.36 7.11 4.47 3.61 2.83 2.24 2 2.24 2.83 3.61 4.12 3.16 2.24 1.41 1 1.41 2.24 3.16 4 3 2 1 99999 1 2 3 4.12 3.16 2.24 1.41 1 1.41 2.24 3.16 4.47 3.61 2.83 2.24 2 2.24 2.83 3.61 5 4.24 3.61 3.16 3 3.16 3.61 4.24 5.66 5 4.47 4.12 4 4.12 4.47 5 6.4 5.83 5.39 5.1 5 5.1 5.39 5.83 
6.04 3.54 4.74 1.58 0.71 4.53 1.58 6.04 4.3 2.92 3.54 3.81 4.3 7.11 7.78 5.39 4.47 3.61 2.83 2.24 2 2.24 2.83 5.1 4.12 3.16 2.24 1.41 1 1.41 2.24 5 4 3 2 1 99999 1 2 5.1 4.12 3.16 2.24 1.41 1 1.41 2.24 5.39 4.47 3.61 2.83 2.24 2 2.24 2.83 5.83 5 4.24 3.61 3.16 3 3.16 3.61 6.4 5.66 5 4.47 4.12 4 4.12 4.47 7.07 6.4 5.83 5.39 5.1 5 5.1 5.39 
6.96 2.92 5.7 2.55 1.58 5.52 1.58 6.96 5.15 3.54 3.81 3.54 3.81 7.91 8.51 6.32 5.39 4.47 3.61 2.83 2.24 2 2.24 6.08 5.1 4.12 3.16 2.24 1.41 1 1.41 6 5 4 3 2 1 99999 1 6.08 5.1 4.12 3.16 2.24 1.41 1 1.41 6.32 5.39 4.47 3.61 2.83 2.24 2 2.24 6.71 5.83 5 4.24 3.61 3.16 3 3.16 7.21 6.4 5.66 5 4.47 4.12 4 4.12 7.81 7.07 6.4 5.83 5.39 5.1 5 5.1 
7.91 2.55 6.67 3.54 2.55 6.52 2.12 7.91 6.04 4.3 4.3 3.54 3.54 8.75 9.3 7.28 6.32 5.39 4.47 3.61 2.83 2.24 2 7.07 6.08 5.1 4.12 3.16 2.24 1.41 1 7 6 5 4 3 2 1 99999 7.07 6.08 5.1 4.12 3.16 2.24 1.41 1 7.28 6.32 5.39 4.47 3.61 2.83 2.24 2 7.62 6.71 5.83 5 4.24 3.61 3.16 3 8.06 7.21 6.4 5.66 5 4.47 4.12 4 8.6 7.81 7.07 6.4 5.83 5.39 5.1 5 
3.54 8.28 2.55 3.81 4.74 0.71 5.52 1.58 2.12 3.81 5.15 6.96 7.91 3.54 4.53 3 3.16 3.61 4.24 5 5.83 6.71 7.62 2 2.24 2.83 3.61 4.47 5.39 6.32 7.28 1 1.41 2.24 3.16 4.12 5.1 6.08 7.07 99999 1 2 3 4 5 6 7 1 1.41 2.24 3.16 4.12 5.1 6.08 7.07 2 2.24 2.83 3.61 4.47 5.39 6.32 7.28 3 3.16 3.61 4.24 5 5.83 6.71 7.62 4 4.12 4.47 5 5.66 6.4 7.21 8.06 
3.81 7.38 2.55 2.92 3.81 0.71 4.53 2.12 1.58 2.92 4.3 6.04 6.96 3.81 4.74 3.16 3 3.16 3.61 4.24 5 5.83 6.71 2.24 2 2.24 2.83 3.61 4.47 5.39 6.32 1.41 1 1.41 2.24 3.16 4.12 5.1 6.08 1 99999 1 2 3 4 5 6 1.41 1 1.41 2.24 3.16 4.12 5.1 6.08 2.24 2 2.24 2.83 3.61 4.47 5.39 6.32 3.16 3 3.16 3.61 4.24 5 5.83 6.71 4.12 4 4.12 4.47 5 5.66 6.4 7.21 
4.3 6.52 2.92 2.12 2.92 1.58 3.54 2.92 1.58 2.12 3.54 5.15 6.04 4.3 5.15 3.61 3.16 3 3.16 3.61 4.24 5 5.83 2.83 2.24 2 2.24 2.83 3.61 4.47 5.39 2.24 1.41 1 1.41 2.24 3.16 4.12 5.15 2 1 99999 1 2 3 4 5 2.24 1.41 1 1.41 2.24 3.16 4.12 5.15 2.83 2.24 2 2.24 2.83 3.61 4.47 5.39 3.61 3.16 3 3.16 3.61 4.24 5 5.83 4.47 4.12 4 4.12 4.47 5 5.66 6.4 
4.95 5.7 3.54 1.58 2.12 2.55 2.55 3.81 2.12 1.58 2.92 4.3 5.15 4.95 5.7 4.24 3.61 3.16 3 3.16 3.61 4.24 5 3.61 2.83 2.24 2 2.24 2.83 3.61 4.47 3.16 2.24 1.41 1 1.41 2.24 3.16 4.12 3 2 1 99999 1 2 3 4 3.16 2.24 1.41 1 1.41 2.24 3.16 4.12 3.61 2.83 2.24 2 2.24 2.83 3.61 4.47 4.24 3.61 3.16 3 3.16 3.61 4.24 5 5 4.47 4.12 4 4.12 4.47 5 5.66 
5.7 4.95 4.3 1.58 1.58 3.54 1.58 4.74 2.92 1.58 2.55 3.54 4.3 5.7 6.36 5 4.24 3.61 3.16 3 3.16 3.61 4.24 4.47 3.61 2.83 2.24 2 2.24 2.83 3.61 4.12 3.16 2.24 1.41 1 1.41 2.24 3.16 4 3 2 1 99999 1 2 3 4.12 3.16 2.24 1.41 1 1.41 2.24 3.16 4.47 3.61 2.83 2.24 2 2.24 2.83 3.61 5 4.24 3.61 3.16 3 3.16 3.61 4.24 5.66 5 4.47 4.12 4 4.12 4.47 5 
6.52 4.3 5.15 2.12 1.58 4.53 0.71 5.7 3.81 2.12 2.55 2.92 3.54 6.52 7.11 5.83 5 4.24 3.61 3.16 3 3.16 3.61 5.39 4.47 3.61 2.83 2.24 2 2.24 2.83 5.1 4.12 3.16 2.24 1.41 1 1.41 2.24 5 4 3 2 1 99999 1 2 5.1 4.12 3.16 2.24 1.41 1 1.41 2.24 5.39 4.47 3.61 2.83 2.24 2 2.24 2.83 5.83 5 4.24 3.61 3.16 3 3.16 3.61 6.4 5.66 5 4.47 4.12 4 4.12 4.47 
7.38 3.81 6.04 2.92 2.12 5.52 0.71 6.67 4.74 2.92 2.92 2.55 2.92 7.38 7.91 6.71 5.83 5 4.24 3.61 3.16 3 3.16 6.32 5.39 4.47 3.61 2.83 2.24 2 2.24 6.08 5.1 4.12 3.16 2.24 1.41 1 1.41 6 5 4 3 2 1 99999 1 6.08 5.1 4.12 3.16 2.24 1.41 1 1.41 6.32 5.39 4.47 3.61 2.83 2.24 2 2.24 6.71 5.83 5 4.24 3.61 3.16 3 3.16 7.21 6.4 5.66 5 4.47 4.12 4 4.12 
8.28 3.54 6.96 3.81 2.92 6.52 1.58 7.65 5.7 3.81 3.54 2.55 2.55 8.28 8.75 7.62 6.71 5.83 5 4.24 3.61 3.16 3 7.28 6.32 5.39 4.47 3.61 2.83 2.24 2 7.07 6.08 5.1 4.12 3.16 2.24 1.41 1 7 6 5 4 3 2 1 99999 7.07 6.08 5.1 4.12 3.16 2.24 1.41 1 7.28 6.32 5.39 4.47 3.61 2.83 2.24 2 7.62 6.71 5.83 5 4.24 3.61 3.16 3 8.06 7.21 6.4 5.66 5 4.47 4.12 4 
4.53 8.75 3.54 4.3 5.15 1.58 5.52 0.71 1.58 3.54 4.74 6.67 7.65 2.55 3.54 4 4.12 4.47 5 5.66 6.4 7.21 8.06 3 3.16 3.61 4.24 5 5.83 6.71 7.62 2 2.24 2.83 3.61 4.47 5.39 6.32 7.28 1 1.41 2.24 3.16 4.12 5.1 6.08 7.07 99999 1 2 3 4 5 6 7 1 1.41 2.24 3.16 4.12 5.1 6.08 7.07 2 2.24 2.83 3.61 4.47 5.39 6.32 7.28 3 3.16 3.61 4.24 5 5.83 6.71 7.62 
4.74 7.91 3.54 3.54 4.3 1.58 4.53 1.58 0.71 2.55 3.81 5.7 6.67 2.92 3.81 4.12 4 4.12 4.47 5 5.66 6.4 7.21 3.16 3 3.16 3.61 4.24 5 5.83 6.71 2.24 2 2.24 2.83 3.61 4.47 5.39 6.32 1.41 1 1.41 2.24 3.16 4.12 5.1 6.08 1 99999 1 2 3 4 5 6 1.41 1 1.41 2.24 3.16 4.12 5.1 6.08 2.24 2 2.24 2.83 3.61 4.47 5.39 6.32 3.16 3 3.16 3.61 4.24 5 5.83 6.71 
5.15 7.11 3.81 2.92 3.54 2.12 3.54 2.55 0.71 1.58 2.92 4.74 5.7 3.54 4.3 4.47 4.12 4 4.12 4.47 5 5.66 6.4 3.61 3.16 3 3.16 3.61 4.24 5 5.83 2.83 2.24 2 2.24 2.83 3.61 4.47 5.39 2.24 1.41 1 1.41 2.24 3.16 4.12 5.15 2 1 99999 1 2 3 4 5 2.24 1.41 1 1.41 2.24 3.16 4.12 5.15 2.83 2.24 2 2.24 2.83 3.61 4.47 5.39 3.61 3.16 3 3.16 3.61 4.24 5 5.83 
5.7 6.36 4.3 2.55 2.92 2.92 2.55 3.54 1.58 0.71 2.12 3.81 4.74 4.3 4.95 5 4.47 4.12 4 4.12 4.47 5 5.66 4.24 3.61 3.16 3 3.16 3.61 4.24 5 3.61 2.83 2.24 2 2.24 2.83 3.61 4.47 3.16 2.24 1.41 1 1.41 2.24 3.16 4.12 3 2 1 99999 1 2 3 4 3.16 2.24 1.41 1 1.41 2.24 3.16 4.12 3.61 2.83 2.24 2 2.24 2.83 3.61 4.47 4.24 3.61 3.16 3 3.16 3.61 4.24 5 
6.36 5.7 4.95 2.55 2.55 3.81 1.58 4.53 2.55 0.71 1.58 2.92 3.81 5.15 5.7 5.66 5 4.47 4.12 4 4.12 4.47 5 5 4.24 3.61 3.16 3 3.16 3.61 4.24 4.47 3.61 2.83 2.24 2 2.24 2.83 3.61 4.12 3.16 2.24 1.41 1 1.41 2.24 3.16 4 3 2 1 99999 1 2 3 4.12 3.16 2.24 1.41 1 1.41 2.24 3.16 4.47 3.61 2.83 2.24 2 2.24 2.83 3.61 5 4.24 3.61 3.16 3 3.16 3.61 4.24 
7.11 5.15 5.7 2.92 2.55 4.74 0.71 5.52 3.54 1.58 1.58 2.12 2.92 6.04 6.52 6.4 5.66 5 4.47 4.12 4 4.12 4.47 5.83 5 4.24 3.61 3.16 3 3.16 3.61 5.39 4.47 3.61 2.83 2.24 2 2.24 2.83 5.1 4.12 3.16 2.24 1.41 1 1.41 2.24 5 4 3 2 1 99999 1 2 5.1 4.12 3.16 2.24 1.41 1 1.41 2.24 5.39 4.47 3.61 2.83 2.24 2 2.24 2.83 5.83 5 4.24 3.61 3.16 3 3.16 3.61 
7.91 4.74 6.52 3.54 2.92 5.7 0.71 6.52 4.53 2.55 2.12 1.58 2.12 6.96 7.38 7.21 6.4 5.66 5 4.47 4.12 4 4.12 6.71 5.83 5 4.24 3.61 3.16 3 3.16 6.32 5.39 4.47 3.61 2.83 2.24 2 2.24 6.08 5.1 4.12 3.16 2.24 1.41 1 1.41 6 5 4 3 2 1 99999 1 6.08 5.1 4.12 3.16 2.24 1.41 1 1.41 6.32 5.39 4.47 3.61 2.83 2.24 2 2.24 6.71 5.83 5 4.24 3.61 3.16 3 3.16 
8.75 4.53 7.38 4.3 3.54 6.67 1.58 7.52 5.52 3.54 2.92 1.58 1.58 7.91 8.28 8.06 7.21 6.4 5.66 5 4.47 4.12 4 7.62 6.71 5.83 5 4.24 3.61 3.16 3 7.28 6.32 5.39 4.47 3.61 2.83 2.24 2 7.07 6.08 5.1 4.12 3.16 2.24 1.41 1 7 6 5 4 3 2 1 99999 7.07 6.08 5.1 4.12 3.16 2.24 1.41 1 7.28 6.32 5.39 4.47 3.61 2.83 2.24 2 7.62 6.71 5.83 5 4.24 3.61 3.16 3 
5.52 9.3 4.53 4.95 5.7 2.55 5.7 0.71 1.58 3.54 4.53 6.52 7.52 1.58 2.55 5 5.1 5.39 5.83 6.4 7.07 7.81 8.6 4 4.12 4.47 5 5.66 6.4 7.21 8.06 3 3.16 3.61 4.24 5 5.83 6.71 7.62 2 2.24 2.83 3.61 4.47 5.39 6.32 7.28 1 1.41 2.24 3.16 4.12 5.1 6.08 7.07 99999 1 2 3 4 5 6 7 1 1.41 2.24 3.16 4.12 5.1 6.08 7.07 2 2.24 2.83 3.61 4.47 5.39 6.32 7.28 
5.7 8.51 4.53 4.3 4.95 2.55 4.74 1.58 0.71 2.55 3.54 5.52 6.52 2.12 2.92 5.1 5 5.1 5.39 5.83 6.4 7.07 7.81 4.12 4 4.12 4.47 5 5.66 6.4 7.21 3.16 3 3.16 3.61 4.24 5 5.83 6.71 2.24 2 2.24 2.83 3.61 4.47 5.39 6.32 1.41 1 1.41 2.24 3.16 4.12 5.1 6.08 1 99999 1 2 3 4 5 6 1.41 1 1.41 2.24 3.16 4.12 5.1 6.08 2.24 2 2.24 2.83 3.61 4.47 5.39 6.32 
6.04 7.78 4.74 3.81 4.3 2.92 3.81 2.55 0.71 1.58 2.55 4.53 5.52 2.92 3.54 5.39 5.1 5 5.1 5.39 5.83 6.4 7.07 4.47 4.12 4 4.12 4.47 5 5.66 6.4 3.61 3.16 3 3.16 3.61 4.24 5 5.83 2.83 2.24 2 2.24 2.83 3.61 4.47 5.39 2.24 1.41 1 1.41 2.24 3.16 4.12 5.15 2 1 99999 1 2 3 4 5 2.24 1.41 1 1.41 2.24 3.16 4.12 5.15 2.83 2.24 2 2.24 2.83 3.61 4.47 5.39 
6.52 7.11 5.15 3.54 3.81 3.54 2.92 3.54 1.58 0.71 1.58 3.54 4.53 3.81 4.3 5.83 5.39 5.1 5 5.1 5.39 5.83 6.4 5 4.47 4.12 4 4.12 4.47 5 5.66 4.24 3.61 3.16 3 3.16 3.61 4.24 5 3.61 2.83 2.24 2 2.24 2.83 3.61 4.47 3.16 2.24 1.41 1 1.41 2.24 3.16 4.12 3 2 1 99999 1 2 3 4 3.16 2.24 1.41 1 1.41 2.24 3.16 4.12 3.61 2.83 2.24 2 2.24 2.83 3.61 4.47 
7.11 6.52 5.7 3.54 3.54 4.3 2.12 4.53 2.55 0.71 0.71 2.55 3.54 4.74 5.15 6.4 5.83 5.39 5.1 5 5.1 5.39 5.83 5.66 5 4.47 4.12 4 4.12 4.47 5 5 4.24 3.61 3.16 3 3.16 3.61 4.24 4.47 3.61 2.83 2.24 2 2.24 2.83 3.61 4.12 3.16 2.24 1.41 1 1.41 2.24 3.16 4 3 2 1 99999 1 2 3 4.12 3.16 2.24 1.41 1 1.41 2.24 3.16 4.47 3.61 2.83 2.24 2 2.24 2.83 3.61 
7.78 6.04 6.36 3.81 3.54 5.15 1.58 5.52 3.54 1.58 0.71 1.58 2.55 5.7 6.04 7.07 6.4 5.83 5.39 5.1 5 5.1 5.39 6.4 5.66 5 4.47 4.12 4 4.12 4.47 5.83 5 4.24 3.61 3.16 3 3.16 3.61 5.39 4.47 3.61 2.83 2.24 2 2.24 2.83 5.1 4.12 3.16 2.24 1.41 1 1.41 2.24 5 4 3 2 1 99999 1 2 5.1 4.12 3.16 2.24 1.41 1 1.41 2.24 5.39 4.47 3.61 2.83 2.24 2 2.24 2.83 
8.51 5.7 7.11 4.3 3.81 6.04 1.58 6.52 4.53 2.55 1.58 0.71 1.58 6.67 6.96 7.81 7.07 6.4 5.83 5.39 5.1 5 5.1 7.21 6.4 5.66 5 4.47 4.12 4 4.12 6.71 5.83 5 4.24 3.61 3.16 3 3.16 6.32 5.39 4.47 3.61 2.83 2.24 2 2.24 6.08 5.1 4.12 3.16 2.24 1.41 1 1.41 6 5 4 3 2 1 99999 1 6.08 5.1 4.12 3.16 2.24 1.41 1 1.41 6.32 5.39 4.47 3.61 2.83 2.24 2 2.24 
9.3 5.52 7.91 4.95 4.3 6.96 2.12 7.52 5.52 3.54 2.55 0.71 0.71 7.65 7.91 8.6 7.81 7.07 6.4 5.83 5.39 5.1 5 8.06 7.21 6.4 5.66 5 4.47 4.12 4 7.62 6.71 5.83 5 4.24 3.61 3.16 3 7.28 6.32 5.39 4.47 3.61 2.83 2.24 2 7.07 6.08 5.1 4.12 3.16 2.24 1.41 1 7 6 5 4 3 2 1 99999 7.07 6.08 5.1 4.12 3.16 2.24 1.41 1 7.28 6.32 5.39 4.47 3.61 2.83 2.24 2 
6.52 9.92 5.52 5.7 6.36 3.54 6.04 1.58 2.12 3.81 4.53 6.52 7.52 0.71 1.58 6 6.08 6.32 6.71 7.21 7.81 8.49 9.22 5 5.1 5.39 5.83 6.4 7.07 7.81 8.6 4 4.12 4.47 5 5.66 6.4 7.21 8.06 3 3.16 3.61 4.24 5 5.83 6.71 7.62 2 2.24 2.83 3.61 4.47 5.39 6.32 7.28 1 1.41 2.24 3.16 4.12 5.1 6.08 7.07 99999 1 2 3 4 5 6 7 1 1.41 2.24 3.16 4.12 5.1 6.08 7.07 
6.67 9.19 5.52 5.15 5.7 3.54 5.15 2.12 1.58 2.92 3.54 5.52 6.52 1.58 2.12 6.08 6 6.08 6.32 6.71 7.21 7.81 8.49 5.1 5 5.1 5.39 5.83 6.4 7.07 7.81 4.12 4 4.12 4.47 5 5.66 6.4 7.21 3.16 3 3.16 3.61 4.24 5 5.83 6.71 2.24 2 2.24 2.83 3.61 4.47 5.39 6.32 1.41 1 1.41 2.24 3.16 4.12 5.1 6.08 1 99999 1 2 3 4 5 6 1.41 1 1.41 2.24 3.16 4.12 5.1 6.08 
6.96 8.51 5.7 4.74 5.15 3.81 4.3 2.92 1.58 2.12 2.55 4.53 5.52 2.55 2.92 6.32 6.08 6 6.08 6.32 6.71 7.21 7.81 5.39 5.1 5 5.1 5.39 5.83 6.4 7.07 4.47 4.12 4 4.12 4.47 5 5.66 6.4 3.61 3.16 3 3.16 3.61 4.24 5 5.83 2.83 2.24 2 2.24 2.83 3.61 4.47 5.39 2.24 1.41 1 1.41 2.24 3.16 4.12 5.15 2 1 99999 1 2 3 4 5 2.24 1.41 1 1.41 2.24 3.16 4.12 5.1 
7.38 7.91 6.04 4.53 4.74 4.3 3.54 3.81 2.12 1.58 1.58 3.54 4.53 3.54 3.81 6.71 6.32 6.08 6 6.08 6.32 6.71 7.21 5.83 5.39 5.1 5 5.1 5.39 5.83 6.4 5 4.47 4.12 4 4.12 4.47 5 5.66 4.24 3.61 3.16 3 3.16 3.61 4.24 5 3.61 2.83 2.24 2 2.24 2.83 3.61 4.47 3.16 2.24 1.41 1 1.41 2.24 3.16 4.12 3 2 1 99999 1 2 3 4 3.16 2.24 1.41 1 1.41 2.24 3.16 4.12 
7.91 7.38 6.52 4.53 4.53 4.95 2.92 4.74 2.92 1.58 0.71 2.55 3.54 4.53 4.74 7.21 6.71 6.32 6.08 6 6.08 6.32 6.71 6.4 5.83 5.39 5.1 5 5.1 5.39 5.83 5.66 5 4.47 4.12 4 4.12 4.47 5 5 4.24 3.61 3.16 3 3.16 3.61 4.24 4.47 3.61 2.83 2.24 2 2.24 2.83 3.61 4.12 3.16 2.24 1.41 1 1.41 2.24 3.16 4 3 2 1 99999 1 2 3 4.12 3.16 2.24 1.41 1 1.41 2.24 3.16 
8.51 6.96 7.11 4.74 4.53 5.7 2.55 5.7 3.81 2.12 0.71 1.58 2.55 5.52 5.7 7.81 7.21 6.71 6.32 6.08 6 6.08 6.32 7.07 6.4 5.83 5.39 5.1 5 5.1 5.39 6.4 5.66 5 4.47 4.12 4 4.12 4.47 5.83 5 4.24 3.61 3.16 3 3.16 3.61 5.39 4.47 3.61 2.83 2.24 2 2.24 2.83 5.1 4.12 3.16 2.24 1.41 1 1.41 2.24 5 4 3 2 1 99999 1 2 5.1 4.12 3.16 2.24 1.41 1 1.41 2.24 
9.19 6.67 7.78 5.15 4.74 6.52 2.55 6.67 4.74 2.92 1.58 0.71 1.58 6.52 6.67 8.49 7.81 7.21 6.71 6.32 6.08 6 6.08 7.81 7.07 6.4 5.83 5.39 5.1 5 5.1 7.21 6.4 5.66 5 4.47 4.12 4 4.12 6.71 5.83 5 4.24 3.61 3.16 3 3.16 6.32 5.39 4.47 3.61 2.83 2.24 2 2.24 6.08 5.1 4.12 3.16 2.24 1.41 1 1.41 6 5 4 3 2 1 99999 1 6.08 5.1 4.12 3.16 2.24 1.41 1 1.41 
9.92 6.52 8.51 5.7 5.15 7.38 2.92 7.65 5.7 3.81 2.55 0.71 0.71 7.52 7.65 9.22 8.49 7.81 7.21 6.71 6.32 6.08 6 8.6 7.81 7.07 6.4 5.83 5.39 5.1 5 8.06 7.21 6.4 5.66 5 4.47 4.12 4 7.62 6.71 5.83 5 4.24 3.61 3.16 3 7.28 6.32 5.39 4.47 3.61 2.83 2.24 2 7.07 6.08 5.1 4.12 3.16 2.24 1.41 1 7 6 5 4 3 2 1 99999 7.07 6.08 5.1 4.12 3.16 2.24 1.41 1 
7.52 10.61 6.52 6.52 7.11 4.53 6.52 2.55 2.92 4.3 4.74 6.67 7.65 0.71 0.71 7 7.07 7.28 7.62 8.06 8.6 9.22 9.9 6 6.08 6.32 6.71 7.21 7.81 8.49 9.22 5 5.1 5.39 5.83 6.4 7.07 7.81 8.6 4 4.12 4.47 5 5.66 6.4 7.21 8.06 3 3.16 3.61 4.24 5 5.83 6.71 7.62 2 2.24 2.83 3.61 4.47 5.39 6.32 7.28 1 1.41 2.24 3.16 4.12 5.1 6.08 7.07 99999 1 2 3 4 5 6 7 
7.65 9.92 6.52 6.04 6.52 4.53 5.7 2.92 2.55 3.54 3.81 5.7 6.67 1.58 1.58 7.07 7 7.07 7.28 7.62 8.06 8.6 9.22 6.08 6 6.08 6.32 6.71 7.21 7.81 8.49 5.1 5 5.1 5.39 5.83 6.4 7.07 7.81 4.12 4 4.12 4.47 5 5.66 6.4 7.21 3.16 3 3.16 3.61 4.24 5 5.83 6.71 2.24 2 2.24 2.83 3.61 4.47 5.39 6.32 1.41 1 1.41 2.24 3.16 4.12 5.1 6.08 1 99999 1 2 3 4 5 6 
7.91 9.3 6.67 5.7 6.04 4.74 4.95 3.54 2.55 2.92 2.92 4.74 5.7 2.55 2.55 7.28 7.07 7 7.07 7.28 7.62 8.06 8.6 6.32 6.08 6 6.08 6.32 6.71 7.21 7.81 5.39 5.1 5 5.1 5.39 5.83 6.4 7.07 4.47 4.12 4 4.12 4.47 5 5.66 6.4 3.61 3.16 3 3.16 3.61 4.24 5 5.83 2.83 2.24 2 2.24 2.83 3.61 4.47 5.39 2.24 1.41 1 1.41 2.24 3.16 4.12 5.15 2 1 99999 1 2 3 4 5 
8.28 8.75 6.96 5.52 5.7 5.15 4.3 4.3 2.92 2.55 2.12 3.81 4.74 3.54 3.54 7.62 7.28 7.07 7 7.07 7.28 7.62 8.06 6.71 6.32 6.08 6 6.08 6.32 6.71 7.21 5.83 5.39 5.1 5 5.1 5.39 5.83 6.4 5 4.47 4.12 4 4.12 4.47 5 5.66 4.24 3.61 3.16 3 3.16 3.61 4.24 5 3.61 2.83 2.24 2 2.24 2.83 3.61 4.47 3.16 2.24 1.41 1 1.41 2.24 3.16 4.12 3 2 1 99999 1 2 3 4 
8.75 8.28 7.38 5.52 5.52 5.7 3.81 5.15 3.54 2.55 1.58 2.92 3.81 4.53 4.53 8.06 7.62 7.28 7.07 7 7.07 7.28 7.62 7.21 6.71 6.32 6.08 6 6.08 6.32 6.71 6.4 5.83 5.39 5.1 5 5.1 5.39 5.83 5.66 5 4.47 4.12 4 4.12 4.47 5 5 4.24 3.61 3.16 3 3.16 3.61 4.24 4.47 3.61 2.83 2.24 2 2.24 2.83 3.61 4.12 3.16 2.24 1.41 1 1.41 2.24 3.16 4 3 2 1 99999 1 2 3 
9.3 7.91 7.91 5.7 5.52 6.36 3.54 6.04 4.3 2.92 1.58 2.12 2.92 5.52 5.52 8.6 8.06 7.62 7.28 7.07 7 7.07 7.28 7.81 7.21 6.71 6.32 6.08 6 6.08 6.32 7.07 6.4 5.83 5.39 5.1 5 5.1 5.39 6.4 5.66 5 4.47 4.12 4 4.12 4.47 5.83 5 4.24 3.61 3.16 3 3.16 3.61 5.39 4.47 3.61 2.83 2.24 2 2.24 2.83 5.1 4.12 3.16 2.24 1.41 1 1.41 2.24 5 4 3 2 1 99999 1 2 
9.92 7.65 8.51 6.04 5.7 7.11 3.54 6.96 5.15 3.54 2.12 1.58 2.12 6.52 6.52 9.22 8.6 8.06 7.62 7.28 7.07 7 7.07 8.49 7.81 7.21 6.71 6.32 6.08 6 6.08 7.81 7.07 6.4 5.83 5.39 5.1 5 5.1 7.21 6.4 5.66 5 4.47 4.12 4 4.12 6.71 5.83 5 4.24 3.61 3.16 3 3.16 6.32 5.39 4.47 3.61 2.83 2.24 2 2.24 6.08 5.1 4.12 3.16 2.24 1.41 1 1.41 6 5 4 3 2 1 99999 1 
10.61 7.52 9.19 6.52 6.04 7.91 3.81 7.91 6.04 4.3 2.92 1.58 1.58 7.52 7.52 9.9 9.22 8.6 8.06 7.62 7.28 7.07 7 9.22 8.49 7.81 7.21 6.71 6.32 6.08 6 8.6 7.81 7.07 6.4 5.83 5.39 5.1 5 8.06 7.21 6.4 5.66 5 4.47 4.12 4 7.62 6.71 5.83 5 4.24 3.61 3.16 3 7.28 6.32 5.39 4.47 3.61 2.83 2.24 2 7.07 6.08 5.1 4.12 3.16 2.24 1.41 1 7 6 5 4 3 2 1 99999 
