N=100;
D=15;
K=2;
S=81;
B=100;
M=[1 1];
MM=[5 5];
ND=2;
T=30;
C=[
10	2
10	2
10	2
10	2
10	2
10	2
10	2
10	2
10	2
10	2
10	2
10	2
10	2
10	2
10	2
];
beta=[
1	1	0	0	0	0	0	0	0	0	1	1	0	0	0	0	0	0	0	0	0	0	0	0	0	0	0	0	0	0	0	0	0	0	0	0	0	0	0	0	0	0	0	0	0	0	0	0	0	0	0	0	0	0	0	0	0	0	0	0	0	0	0	0	0	0	0	0	0	0	0	0	0	0	0	0	0	0	0	0	0	0	0	0	0	0	0	0	0	0	0	0	0	0	0	0	0	0	0	0
0	1	1	0	0	0	0	0	0	0	0	1	1	0	0	0	0	0	0	0	0	0	0	0	0	0	0	0	0	0	0	0	0	0	0	0	0	0	0	0	0	0	0	0	0	0	0	0	0	0	0	0	0	0	0	0	0	0	0	0	0	0	0	0	0	0	0	0	0	0	0	0	0	0	0	0	0	0	0	0	0	0	0	0	0	0	0	0	0	0	0	0	0	0	0	0	0	0	0	0
0	0	1	1	0	0	0	0	0	0	0	0	1	1	0	0	0	0	0	0	0	0	0	0	0	0	0	0	0	0	0	0	0	0	0	0	0	0	0	0	0	0	0	0	0	0	0	0	0	0	0	0	0	0	0	0	0	0	0	0	0	0	0	0	0	0	0	0	0	0	0	0	0	0	0	0	0	0	0	0	0	0	0	0	0	0	0	0	0	0	0	0	0	0	0	0	0	0	0	0
0	0	0	1	1	0	0	0	0	0	0	0	0	1	1	0	0	0	0	0	0	0	0	0	0	0	0	0	0	0	0	0	0	0	0	0	0	0	0	0	0	0	0	0	0	0	0	0	0	0	0	0	0	0	0	0	0	0	0	0	0	0	0	0	0	0	0	0	0	0	0	0	0	0	0	0	0	0	0	0	0	0	0	0	0	0	0	0	0	0	0	0	0	0	0	0	0	0	0	0
0	0	0	0	1	1	0	0	0	0	0	0	0	0	1	1	0	0	0	0	0	0	0	0	0	0	0	0	0	0	0	0	0	0	0	0	0	0	0	0	0	0	0	0	0	0	0	0	0	0	0	0	0	0	0	0	0	0	0	0	0	0	0	0	0	0	0	0	0	0	0	0	0	0	0	0	0	0	0	0	0	0	0	0	0	0	0	0	0	0	0	0	0	0	0	0	0	0	0	0
0	0	0	0	0	1	1	0	0	0	0	0	0	0	0	1	1	0	0	0	0	0	0	0	0	0	0	0	0	0	0	0	0	0	0	0	0	0	0	0	0	0	0	0	0	0	0	0	0	0	0	0	0	0	0	0	0	0	0	0	0	0	0	0	0	0	0	0	0	0	0	0	0	0	0	0	0	0	0	0	0	0	0	0	0	0	0	0	0	0	0	0	0	0	0	0	0	0	0	0
0	0	0	0	0	0	1	1	0	0	0	0	0	0	0	0	1	1	0	0	0	0	0	0	0	0	0	0	0	0	0	0	0	0	0	0	0	0	0	0	0	0	0	0	0	0	0	0	0	0	0	0	0	0	0	0	0	0	0	0	0	0	0	0	0	0	0	0	0	0	0	0	0	0	0	0	0	0	0	0	0	0	0	0	0	0	0	0	0	0	0	0	0	0	0	0	0	0	0	0
0	0	0	0	0	0	0	1	1	0	0	0	0	0	0	0	0	1	1	0	0	0	0	0	0	0	0	0	0	0	0	0	0	0	0	0	0	0	0	0	0	0	0	0	0	0	0	0	0	0	0	0	0	0	0	0	0	0	0	0	0	0	0	0	0	0	0	0	0	0	0	0	0	0	0	0	0	0	0	0	0	0	0	0	0	0	0	0	0	0	0	0	0	0	0	0	0	0	0	0
0	0	0	0	0	0	0	0	1	1	0	0	0	0	0	0	0	0	1	1	0	0	0	0	0	0	0	0	0	0	0	0	0	0	0	0	0	0	0	0	0	0	0	0	0	0	0	0	0	0	0	0	0	0	0	0	0	0	0	0	0	0	0	0	0	0	0	0	0	0	0	0	0	0	0	0	0	0	0	0	0	0	0	0	0	0	0	0	0	0	0	0	0	0	0	0	0	0	0	0
0	0	0	0	0	0	0	0	0	0	1	1	0	0	0	0	0	0	0	0	1	1	0	0	0	0	0	0	0	0	0	0	0	0	0	0	0	0	0	0	0	0	0	0	0	0	0	0	0	0	0	0	0	0	0	0	0	0	0	0	0	0	0	0	0	0	0	0	0	0	0	0	0	0	0	0	0	0	0	0	0	0	0	0	0	0	0	0	0	0	0	0	0	0	0	0	0	0	0	0
0	0	0	0	0	0	0	0	0	0	0	1	1	0	0	0	0	0	0	0	0	1	1	0	0	0	0	0	0	0	0	0	0	0	0	0	0	0	0	0	0	0	0	0	0	0	0	0	0	0	0	0	0	0	0	0	0	0	0	0	0	0	0	0	0	0	0	0	0	0	0	0	0	0	0	0	0	0	0	0	0	0	0	0	0	0	0	0	0	0	0	0	0	0	0	0	0	0	0	0
0	0	0	0	0	0	0	0	0	0	0	0	1	1	0	0	0	0	0	0	0	0	1	1	0	0	0	0	0	0	0	0	0	0	0	0	0	0	0	0	0	0	0	0	0	0	0	0	0	0	0	0	0	0	0	0	0	0	0	0	0	0	0	0	0	0	0	0	0	0	0	0	0	0	0	0	0	0	0	0	0	0	0	0	0	0	0	0	0	0	0	0	0	0	0	0	0	0	0	0
0	0	0	0	0	0	0	0	0	0	0	0	0	1	1	0	0	0	0	0	0	0	0	1	1	0	0	0	0	0	0	0	0	0	0	0	0	0	0	0	0	0	0	0	0	0	0	0	0	0	0	0	0	0	0	0	0	0	0	0	0	0	0	0	0	0	0	0	0	0	0	0	0	0	0	0	0	0	0	0	0	0	0	0	0	0	0	0	0	0	0	0	0	0	0	0	0	0	0	0
0	0	0	0	0	0	0	0	0	0	0	0	0	0	1	1	0	0	0	0	0	0	0	0	1	1	0	0	0	0	0	0	0	0	0	0	0	0	0	0	0	0	0	0	0	0	0	0	0	0	0	0	0	0	0	0	0	0	0	0	0	0	0	0	0	0	0	0	0	0	0	0	0	0	0	0	0	0	0	0	0	0	0	0	0	0	0	0	0	0	0	0	0	0	0	0	0	0	0	0
0	0	0	0	0	0	0	0	0	0	0	0	0	0	0	1	1	0	0	0	0	0	0	0	0	1	1	0	0	0	0	0	0	0	0	0	0	0	0	0	0	0	0	0	0	0	0	0	0	0	0	0	0	0	0	0	0	0	0	0	0	0	0	0	0	0	0	0	0	0	0	0	0	0	0	0	0	0	0	0	0	0	0	0	0	0	0	0	0	0	0	0	0	0	0	0	0	0	0	0
0	0	0	0	0	0	0	0	0	0	0	0	0	0	0	0	1	1	0	0	0	0	0	0	0	0	1	1	0	0	0	0	0	0	0	0	0	0	0	0	0	0	0	0	0	0	0	0	0	0	0	0	0	0	0	0	0	0	0	0	0	0	0	0	0	0	0	0	0	0	0	0	0	0	0	0	0	0	0	0	0	0	0	0	0	0	0	0	0	0	0	0	0	0	0	0	0	0	0	0
0	0	0	0	0	0	0	0	0	0	0	0	0	0	0	0	0	1	1	0	0	0	0	0	0	0	0	1	1	0	0	0	0	0	0	0	0	0	0	0	0	0	0	0	0	0	0	0	0	0	0	0	0	0	0	0	0	0	0	0	0	0	0	0	0	0	0	0	0	0	0	0	0	0	0	0	0	0	0	0	0	0	0	0	0	0	0	0	0	0	0	0	0	0	0	0	0	0	0	0
0	0	0	0	0	0	0	0	0	0	0	0	0	0	0	0	0	0	1	1	0	0	0	0	0	0	0	0	1	1	0	0	0	0	0	0	0	0	0	0	0	0	0	0	0	0	0	0	0	0	0	0	0	0	0	0	0	0	0	0	0	0	0	0	0	0	0	0	0	0	0	0	0	0	0	0	0	0	0	0	0	0	0	0	0	0	0	0	0	0	0	0	0	0	0	0	0	0	0	0
0	0	0	0	0	0	0	0	0	0	0	0	0	0	0	0	0	0	0	0	1	1	0	0	0	0	0	0	0	0	1	1	0	0	0	0	0	0	0	0	0	0	0	0	0	0	0	0	0	0	0	0	0	0	0	0	0	0	0	0	0	0	0	0	0	0	0	0	0	0	0	0	0	0	0	0	0	0	0	0	0	0	0	0	0	0	0	0	0	0	0	0	0	0	0	0	0	0	0	0
0	0	0	0	0	0	0	0	0	0	0	0	0	0	0	0	0	0	0	0	0	1	1	0	0	0	0	0	0	0	0	1	1	0	0	0	0	0	0	0	0	0	0	0	0	0	0	0	0	0	0	0	0	0	0	0	0	0	0	0	0	0	0	0	0	0	0	0	0	0	0	0	0	0	0	0	0	0	0	0	0	0	0	0	0	0	0	0	0	0	0	0	0	0	0	0	0	0	0	0
0	0	0	0	0	0	0	0	0	0	0	0	0	0	0	0	0	0	0	0	0	0	1	1	0	0	0	0	0	0	0	0	1	1	0	0	0	0	0	0	0	0	0	0	0	0	0	0	0	0	0	0	0	0	0	0	0	0	0	0	0	0	0	0	0	0	0	0	0	0	0	0	0	0	0	0	0	0	0	0	0	0	0	0	0	0	0	0	0	0	0	0	0	0	0	0	0	0	0	0
0	0	0	0	0	0	0	0	0	0	0	0	0	0	0	0	0	0	0	0	0	0	0	1	1	0	0	0	0	0	0	0	0	1	1	0	0	0	0	0	0	0	0	0	0	0	0	0	0	0	0	0	0	0	0	0	0	0	0	0	0	0	0	0	0	0	0	0	0	0	0	0	0	0	0	0	0	0	0	0	0	0	0	0	0	0	0	0	0	0	0	0	0	0	0	0	0	0	0	0
0	0	0	0	0	0	0	0	0	0	0	0	0	0	0	0	0	0	0	0	0	0	0	0	1	1	0	0	0	0	0	0	0	0	1	1	0	0	0	0	0	0	0	0	0	0	0	0	0	0	0	0	0	0	0	0	0	0	0	0	0	0	0	0	0	0	0	0	0	0	0	0	0	0	0	0	0	0	0	0	0	0	0	0	0	0	0	0	0	0	0	0	0	0	0	0	0	0	0	0
0	0	0	0	0	0	0	0	0	0	0	0	0	0	0	0	0	0	0	0	0	0	0	0	0	1	1	0	0	0	0	0	0	0	0	1	1	0	0	0	0	0	0	0	0	0	0	0	0	0	0	0	0	0	0	0	0	0	0	0	0	0	0	0	0	0	0	0	0	0	0	0	0	0	0	0	0	0	0	0	0	0	0	0	0	0	0	0	0	0	0	0	0	0	0	0	0	0	0	0
0	0	0	0	0	0	0	0	0	0	0	0	0	0	0	0	0	0	0	0	0	0	0	0	0	0	1	1	0	0	0	0	0	0	0	0	1	1	0	0	0	0	0	0	0	0	0	0	0	0	0	0	0	0	0	0	0	0	0	0	0	0	0	0	0	0	0	0	0	0	0	0	0	0	0	0	0	0	0	0	0	0	0	0	0	0	0	0	0	0	0	0	0	0	0	0	0	0	0	0
0	0	0	0	0	0	0	0	0	0	0	0	0	0	0	0	0	0	0	0	0	0	0	0	0	0	0	1	1	0	0	0	0	0	0	0	0	1	1	0	0	0	0	0	0	0	0	0	0	0	0	0	0	0	0	0	0	0	0	0	0	0	0	0	0	0	0	0	0	0	0	0	0	0	0	0	0	0	0	0	0	0	0	0	0	0	0	0	0	0	0	0	0	0	0	0	0	0	0	0
0	0	0	0	0	0	0	0	0	0	0	0	0	0	0	0	0	0	0	0	0	0	0	0	0	0	0	0	1	1	0	0	0	0	0	0	0	0	1	1	0	0	0	0	0	0	0	0	0	0	0	0	0	0	0	0	0	0	0	0	0	0	0	0	0	0	0	0	0	0	0	0	0	0	0	0	0	0	0	0	0	0	0	0	0	0	0	0	0	0	0	0	0	0	0	0	0	0	0	0
0	0	0	0	0	0	0	0	0	0	0	0	0	0	0	0	0	0	0	0	0	0	0	0	0	0	0	0	0	0	1	1	0	0	0	0	0	0	0	0	1	1	0	0	0	0	0	0	0	0	0	0	0	0	0	0	0	0	0	0	0	0	0	0	0	0	0	0	0	0	0	0	0	0	0	0	0	0	0	0	0	0	0	0	0	0	0	0	0	0	0	0	0	0	0	0	0	0	0	0
0	0	0	0	0	0	0	0	0	0	0	0	0	0	0	0	0	0	0	0	0	0	0	0	0	0	0	0	0	0	0	1	1	0	0	0	0	0	0	0	0	1	1	0	0	0	0	0	0	0	0	0	0	0	0	0	0	0	0	0	0	0	0	0	0	0	0	0	0	0	0	0	0	0	0	0	0	0	0	0	0	0	0	0	0	0	0	0	0	0	0	0	0	0	0	0	0	0	0	0
0	0	0	0	0	0	0	0	0	0	0	0	0	0	0	0	0	0	0	0	0	0	0	0	0	0	0	0	0	0	0	0	1	1	0	0	0	0	0	0	0	0	1	1	0	0	0	0	0	0	0	0	0	0	0	0	0	0	0	0	0	0	0	0	0	0	0	0	0	0	0	0	0	0	0	0	0	0	0	0	0	0	0	0	0	0	0	0	0	0	0	0	0	0	0	0	0	0	0	0
0	0	0	0	0	0	0	0	0	0	0	0	0	0	0	0	0	0	0	0	0	0	0	0	0	0	0	0	0	0	0	0	0	1	1	0	0	0	0	0	0	0	0	1	1	0	0	0	0	0	0	0	0	0	0	0	0	0	0	0	0	0	0	0	0	0	0	0	0	0	0	0	0	0	0	0	0	0	0	0	0	0	0	0	0	0	0	0	0	0	0	0	0	0	0	0	0	0	0	0
0	0	0	0	0	0	0	0	0	0	0	0	0	0	0	0	0	0	0	0	0	0	0	0	0	0	0	0	0	0	0	0	0	0	1	1	0	0	0	0	0	0	0	0	1	1	0	0	0	0	0	0	0	0	0	0	0	0	0	0	0	0	0	0	0	0	0	0	0	0	0	0	0	0	0	0	0	0	0	0	0	0	0	0	0	0	0	0	0	0	0	0	0	0	0	0	0	0	0	0
0	0	0	0	0	0	0	0	0	0	0	0	0	0	0	0	0	0	0	0	0	0	0	0	0	0	0	0	0	0	0	0	0	0	0	1	1	0	0	0	0	0	0	0	0	1	1	0	0	0	0	0	0	0	0	0	0	0	0	0	0	0	0	0	0	0	0	0	0	0	0	0	0	0	0	0	0	0	0	0	0	0	0	0	0	0	0	0	0	0	0	0	0	0	0	0	0	0	0	0
0	0	0	0	0	0	0	0	0	0	0	0	0	0	0	0	0	0	0	0	0	0	0	0	0	0	0	0	0	0	0	0	0	0	0	0	1	1	0	0	0	0	0	0	0	0	1	1	0	0	0	0	0	0	0	0	0	0	0	0	0	0	0	0	0	0	0	0	0	0	0	0	0	0	0	0	0	0	0	0	0	0	0	0	0	0	0	0	0	0	0	0	0	0	0	0	0	0	0	0
0	0	0	0	0	0	0	0	0	0	0	0	0	0	0	0	0	0	0	0	0	0	0	0	0	0	0	0	0	0	0	0	0	0	0	0	0	1	1	0	0	0	0	0	0	0	0	1	1	0	0	0	0	0	0	0	0	0	0	0	0	0	0	0	0	0	0	0	0	0	0	0	0	0	0	0	0	0	0	0	0	0	0	0	0	0	0	0	0	0	0	0	0	0	0	0	0	0	0	0
0	0	0	0	0	0	0	0	0	0	0	0	0	0	0	0	0	0	0	0	0	0	0	0	0	0	0	0	0	0	0	0	0	0	0	0	0	0	1	1	0	0	0	0	0	0	0	0	1	1	0	0	0	0	0	0	0	0	0	0	0	0	0	0	0	0	0	0	0	0	0	0	0	0	0	0	0	0	0	0	0	0	0	0	0	0	0	0	0	0	0	0	0	0	0	0	0	0	0	0
0	0	0	0	0	0	0	0	0	0	0	0	0	0	0	0	0	0	0	0	0	0	0	0	0	0	0	0	0	0	0	0	0	0	0	0	0	0	0	0	1	1	0	0	0	0	0	0	0	0	1	1	0	0	0	0	0	0	0	0	0	0	0	0	0	0	0	0	0	0	0	0	0	0	0	0	0	0	0	0	0	0	0	0	0	0	0	0	0	0	0	0	0	0	0	0	0	0	0	0
0	0	0	0	0	0	0	0	0	0	0	0	0	0	0	0	0	0	0	0	0	0	0	0	0	0	0	0	0	0	0	0	0	0	0	0	0	0	0	0	0	1	1	0	0	0	0	0	0	0	0	1	1	0	0	0	0	0	0	0	0	0	0	0	0	0	0	0	0	0	0	0	0	0	0	0	0	0	0	0	0	0	0	0	0	0	0	0	0	0	0	0	0	0	0	0	0	0	0	0
0	0	0	0	0	0	0	0	0	0	0	0	0	0	0	0	0	0	0	0	0	0	0	0	0	0	0	0	0	0	0	0	0	0	0	0	0	0	0	0	0	0	1	1	0	0	0	0	0	0	0	0	1	1	0	0	0	0	0	0	0	0	0	0	0	0	0	0	0	0	0	0	0	0	0	0	0	0	0	0	0	0	0	0	0	0	0	0	0	0	0	0	0	0	0	0	0	0	0	0
0	0	0	0	0	0	0	0	0	0	0	0	0	0	0	0	0	0	0	0	0	0	0	0	0	0	0	0	0	0	0	0	0	0	0	0	0	0	0	0	0	0	0	1	1	0	0	0	0	0	0	0	0	1	1	0	0	0	0	0	0	0	0	0	0	0	0	0	0	0	0	0	0	0	0	0	0	0	0	0	0	0	0	0	0	0	0	0	0	0	0	0	0	0	0	0	0	0	0	0
0	0	0	0	0	0	0	0	0	0	0	0	0	0	0	0	0	0	0	0	0	0	0	0	0	0	0	0	0	0	0	0	0	0	0	0	0	0	0	0	0	0	0	0	1	1	0	0	0	0	0	0	0	0	1	1	0	0	0	0	0	0	0	0	0	0	0	0	0	0	0	0	0	0	0	0	0	0	0	0	0	0	0	0	0	0	0	0	0	0	0	0	0	0	0	0	0	0	0	0
0	0	0	0	0	0	0	0	0	0	0	0	0	0	0	0	0	0	0	0	0	0	0	0	0	0	0	0	0	0	0	0	0	0	0	0	0	0	0	0	0	0	0	0	0	1	1	0	0	0	0	0	0	0	0	1	1	0	0	0	0	0	0	0	0	0	0	0	0	0	0	0	0	0	0	0	0	0	0	0	0	0	0	0	0	0	0	0	0	0	0	0	0	0	0	0	0	0	0	0
0	0	0	0	0	0	0	0	0	0	0	0	0	0	0	0	0	0	0	0	0	0	0	0	0	0	0	0	0	0	0	0	0	0	0	0	0	0	0	0	0	0	0	0	0	0	1	1	0	0	0	0	0	0	0	0	1	1	0	0	0	0	0	0	0	0	0	0	0	0	0	0	0	0	0	0	0	0	0	0	0	0	0	0	0	0	0	0	0	0	0	0	0	0	0	0	0	0	0	0
0	0	0	0	0	0	0	0	0	0	0	0	0	0	0	0	0	0	0	0	0	0	0	0	0	0	0	0	0	0	0	0	0	0	0	0	0	0	0	0	0	0	0	0	0	0	0	1	1	0	0	0	0	0	0	0	0	1	1	0	0	0	0	0	0	0	0	0	0	0	0	0	0	0	0	0	0	0	0	0	0	0	0	0	0	0	0	0	0	0	0	0	0	0	0	0	0	0	0	0
0	0	0	0	0	0	0	0	0	0	0	0	0	0	0	0	0	0	0	0	0	0	0	0	0	0	0	0	0	0	0	0	0	0	0	0	0	0	0	0	0	0	0	0	0	0	0	0	1	1	0	0	0	0	0	0	0	0	1	1	0	0	0	0	0	0	0	0	0	0	0	0	0	0	0	0	0	0	0	0	0	0	0	0	0	0	0	0	0	0	0	0	0	0	0	0	0	0	0	0
0	0	0	0	0	0	0	0	0	0	0	0	0	0	0	0	0	0	0	0	0	0	0	0	0	0	0	0	0	0	0	0	0	0	0	0	0	0	0	0	0	0	0	0	0	0	0	0	0	0	1	1	0	0	0	0	0	0	0	0	1	1	0	0	0	0	0	0	0	0	0	0	0	0	0	0	0	0	0	0	0	0	0	0	0	0	0	0	0	0	0	0	0	0	0	0	0	0	0	0
0	0	0	0	0	0	0	0	0	0	0	0	0	0	0	0	0	0	0	0	0	0	0	0	0	0	0	0	0	0	0	0	0	0	0	0	0	0	0	0	0	0	0	0	0	0	0	0	0	0	0	1	1	0	0	0	0	0	0	0	0	1	1	0	0	0	0	0	0	0	0	0	0	0	0	0	0	0	0	0	0	0	0	0	0	0	0	0	0	0	0	0	0	0	0	0	0	0	0	0
0	0	0	0	0	0	0	0	0	0	0	0	0	0	0	0	0	0	0	0	0	0	0	0	0	0	0	0	0	0	0	0	0	0	0	0	0	0	0	0	0	0	0	0	0	0	0	0	0	0	0	0	1	1	0	0	0	0	0	0	0	0	1	1	0	0	0	0	0	0	0	0	0	0	0	0	0	0	0	0	0	0	0	0	0	0	0	0	0	0	0	0	0	0	0	0	0	0	0	0
0	0	0	0	0	0	0	0	0	0	0	0	0	0	0	0	0	0	0	0	0	0	0	0	0	0	0	0	0	0	0	0	0	0	0	0	0	0	0	0	0	0	0	0	0	0	0	0	0	0	0	0	0	1	1	0	0	0	0	0	0	0	0	1	1	0	0	0	0	0	0	0	0	0	0	0	0	0	0	0	0	0	0	0	0	0	0	0	0	0	0	0	0	0	0	0	0	0	0	0
0	0	0	0	0	0	0	0	0	0	0	0	0	0	0	0	0	0	0	0	0	0	0	0	0	0	0	0	0	0	0	0	0	0	0	0	0	0	0	0	0	0	0	0	0	0	0	0	0	0	0	0	0	0	1	1	0	0	0	0	0	0	0	0	1	1	0	0	0	0	0	0	0	0	0	0	0	0	0	0	0	0	0	0	0	0	0	0	0	0	0	0	0	0	0	0	0	0	0	0
0	0	0	0	0	0	0	0	0	0	0	0	0	0	0	0	0	0	0	0	0	0	0	0	0	0	0	0	0	0	0	0	0	0	0	0	0	0	0	0	0	0	0	0	0	0	0	0	0	0	0	0	0	0	0	1	1	0	0	0	0	0	0	0	0	1	1	0	0	0	0	0	0	0	0	0	0	0	0	0	0	0	0	0	0	0	0	0	0	0	0	0	0	0	0	0	0	0	0	0
0	0	0	0	0	0	0	0	0	0	0	0	0	0	0	0	0	0	0	0	0	0	0	0	0	0	0	0	0	0	0	0	0	0	0	0	0	0	0	0	0	0	0	0	0	0	0	0	0	0	0	0	0	0	0	0	1	1	0	0	0	0	0	0	0	0	1	1	0	0	0	0	0	0	0	0	0	0	0	0	0	0	0	0	0	0	0	0	0	0	0	0	0	0	0	0	0	0	0	0
0	0	0	0	0	0	0	0	0	0	0	0	0	0	0	0	0	0	0	0	0	0	0	0	0	0	0	0	0	0	0	0	0	0	0	0	0	0	0	0	0	0	0	0	0	0	0	0	0	0	0	0	0	0	0	0	0	1	1	0	0	0	0	0	0	0	0	1	1	0	0	0	0	0	0	0	0	0	0	0	0	0	0	0	0	0	0	0	0	0	0	0	0	0	0	0	0	0	0	0
0	0	0	0	0	0	0	0	0	0	0	0	0	0	0	0	0	0	0	0	0	0	0	0	0	0	0	0	0	0	0	0	0	0	0	0	0	0	0	0	0	0	0	0	0	0	0	0	0	0	0	0	0	0	0	0	0	0	1	1	0	0	0	0	0	0	0	0	1	1	0	0	0	0	0	0	0	0	0	0	0	0	0	0	0	0	0	0	0	0	0	0	0	0	0	0	0	0	0	0
0	0	0	0	0	0	0	0	0	0	0	0	0	0	0	0	0	0	0	0	0	0	0	0	0	0	0	0	0	0	0	0	0	0	0	0	0	0	0	0	0	0	0	0	0	0	0	0	0	0	0	0	0	0	0	0	0	0	0	0	1	1	0	0	0	0	0	0	0	0	1	1	0	0	0	0	0	0	0	0	0	0	0	0	0	0	0	0	0	0	0	0	0	0	0	0	0	0	0	0
0	0	0	0	0	0	0	0	0	0	0	0	0	0	0	0	0	0	0	0	0	0	0	0	0	0	0	0	0	0	0	0	0	0	0	0	0	0	0	0	0	0	0	0	0	0	0	0	0	0	0	0	0	0	0	0	0	0	0	0	0	1	1	0	0	0	0	0	0	0	0	1	1	0	0	0	0	0	0	0	0	0	0	0	0	0	0	0	0	0	0	0	0	0	0	0	0	0	0	0
0	0	0	0	0	0	0	0	0	0	0	0	0	0	0	0	0	0	0	0	0	0	0	0	0	0	0	0	0	0	0	0	0	0	0	0	0	0	0	0	0	0	0	0	0	0	0	0	0	0	0	0	0	0	0	0	0	0	0	0	0	0	1	1	0	0	0	0	0	0	0	0	1	1	0	0	0	0	0	0	0	0	0	0	0	0	0	0	0	0	0	0	0	0	0	0	0	0	0	0
0	0	0	0	0	0	0	0	0	0	0	0	0	0	0	0	0	0	0	0	0	0	0	0	0	0	0	0	0	0	0	0	0	0	0	0	0	0	0	0	0	0	0	0	0	0	0	0	0	0	0	0	0	0	0	0	0	0	0	0	0	0	0	1	1	0	0	0	0	0	0	0	0	1	1	0	0	0	0	0	0	0	0	0	0	0	0	0	0	0	0	0	0	0	0	0	0	0	0	0
0	0	0	0	0	0	0	0	0	0	0	0	0	0	0	0	0	0	0	0	0	0	0	0	0	0	0	0	0	0	0	0	0	0	0	0	0	0	0	0	0	0	0	0	0	0	0	0	0	0	0	0	0	0	0	0	0	0	0	0	0	0	0	0	1	1	0	0	0	0	0	0	0	0	1	1	0	0	0	0	0	0	0	0	0	0	0	0	0	0	0	0	0	0	0	0	0	0	0	0
0	0	0	0	0	0	0	0	0	0	0	0	0	0	0	0	0	0	0	0	0	0	0	0	0	0	0	0	0	0	0	0	0	0	0	0	0	0	0	0	0	0	0	0	0	0	0	0	0	0	0	0	0	0	0	0	0	0	0	0	0	0	0	0	0	1	1	0	0	0	0	0	0	0	0	1	1	0	0	0	0	0	0	0	0	0	0	0	0	0	0	0	0	0	0	0	0	0	0	0
0	0	0	0	0	0	0	0	0	0	0	0	0	0	0	0	0	0	0	0	0	0	0	0	0	0	0	0	0	0	0	0	0	0	0	0	0	0	0	0	0	0	0	0	0	0	0	0	0	0	0	0	0	0	0	0	0	0	0	0	0	0	0	0	0	0	1	1	0	0	0	0	0	0	0	0	1	1	0	0	0	0	0	0	0	0	0	0	0	0	0	0	0	0	0	0	0	0	0	0
0	0	0	0	0	0	0	0	0	0	0	0	0	0	0	0	0	0	0	0	0	0	0	0	0	0	0	0	0	0	0	0	0	0	0	0	0	0	0	0	0	0	0	0	0	0	0	0	0	0	0	0	0	0	0	0	0	0	0	0	0	0	0	0	0	0	0	1	1	0	0	0	0	0	0	0	0	1	1	0	0	0	0	0	0	0	0	0	0	0	0	0	0	0	0	0	0	0	0	0
0	0	0	0	0	0	0	0	0	0	0	0	0	0	0	0	0	0	0	0	0	0	0	0	0	0	0	0	0	0	0	0	0	0	0	0	0	0	0	0	0	0	0	0	0	0	0	0	0	0	0	0	0	0	0	0	0	0	0	0	0	0	0	0	0	0	0	0	1	1	0	0	0	0	0	0	0	0	1	1	0	0	0	0	0	0	0	0	0	0	0	0	0	0	0	0	0	0	0	0
0	0	0	0	0	0	0	0	0	0	0	0	0	0	0	0	0	0	0	0	0	0	0	0	0	0	0	0	0	0	0	0	0	0	0	0	0	0	0	0	0	0	0	0	0	0	0	0	0	0	0	0	0	0	0	0	0	0	0	0	0	0	0	0	0	0	0	0	0	0	1	1	0	0	0	0	0	0	0	0	1	1	0	0	0	0	0	0	0	0	0	0	0	0	0	0	0	0	0	0
0	0	0	0	0	0	0	0	0	0	0	0	0	0	0	0	0	0	0	0	0	0	0	0	0	0	0	0	0	0	0	0	0	0	0	0	0	0	0	0	0	0	0	0	0	0	0	0	0	0	0	0	0	0	0	0	0	0	0	0	0	0	0	0	0	0	0	0	0	0	0	1	1	0	0	0	0	0	0	0	0	1	1	0	0	0	0	0	0	0	0	0	0	0	0	0	0	0	0	0
0	0	0	0	0	0	0	0	0	0	0	0	0	0	0	0	0	0	0	0	0	0	0	0	0	0	0	0	0	0	0	0	0	0	0	0	0	0	0	0	0	0	0	0	0	0	0	0	0	0	0	0	0	0	0	0	0	0	0	0	0	0	0	0	0	0	0	0	0	0	0	0	1	1	0	0	0	0	0	0	0	0	1	1	0	0	0	0	0	0	0	0	0	0	0	0	0	0	0	0
0	0	0	0	0	0	0	0	0	0	0	0	0	0	0	0	0	0	0	0	0	0	0	0	0	0	0	0	0	0	0	0	0	0	0	0	0	0	0	0	0	0	0	0	0	0	0	0	0	0	0	0	0	0	0	0	0	0	0	0	0	0	0	0	0	0	0	0	0	0	0	0	0	1	1	0	0	0	0	0	0	0	0	1	1	0	0	0	0	0	0	0	0	0	0	0	0	0	0	0
0	0	0	0	0	0	0	0	0	0	0	0	0	0	0	0	0	0	0	0	0	0	0	0	0	0	0	0	0	0	0	0	0	0	0	0	0	0	0	0	0	0	0	0	0	0	0	0	0	0	0	0	0	0	0	0	0	0	0	0	0	0	0	0	0	0	0	0	0	0	0	0	0	0	1	1	0	0	0	0	0	0	0	0	1	1	0	0	0	0	0	0	0	0	0	0	0	0	0	0
0	0	0	0	0	0	0	0	0	0	0	0	0	0	0	0	0	0	0	0	0	0	0	0	0	0	0	0	0	0	0	0	0	0	0	0	0	0	0	0	0	0	0	0	0	0	0	0	0	0	0	0	0	0	0	0	0	0	0	0	0	0	0	0	0	0	0	0	0	0	0	0	0	0	0	1	1	0	0	0	0	0	0	0	0	1	1	0	0	0	0	0	0	0	0	0	0	0	0	0
0	0	0	0	0	0	0	0	0	0	0	0	0	0	0	0	0	0	0	0	0	0	0	0	0	0	0	0	0	0	0	0	0	0	0	0	0	0	0	0	0	0	0	0	0	0	0	0	0	0	0	0	0	0	0	0	0	0	0	0	0	0	0	0	0	0	0	0	0	0	0	0	0	0	0	0	1	1	0	0	0	0	0	0	0	0	1	1	0	0	0	0	0	0	0	0	0	0	0	0
0	0	0	0	0	0	0	0	0	0	0	0	0	0	0	0	0	0	0	0	0	0	0	0	0	0	0	0	0	0	0	0	0	0	0	0	0	0	0	0	0	0	0	0	0	0	0	0	0	0	0	0	0	0	0	0	0	0	0	0	0	0	0	0	0	0	0	0	0	0	0	0	0	0	0	0	0	1	1	0	0	0	0	0	0	0	0	1	1	0	0	0	0	0	0	0	0	0	0	0
0	0	0	0	0	0	0	0	0	0	0	0	0	0	0	0	0	0	0	0	0	0	0	0	0	0	0	0	0	0	0	0	0	0	0	0	0	0	0	0	0	0	0	0	0	0	0	0	0	0	0	0	0	0	0	0	0	0	0	0	0	0	0	0	0	0	0	0	0	0	0	0	0	0	0	0	0	0	1	1	0	0	0	0	0	0	0	0	1	1	0	0	0	0	0	0	0	0	0	0
0	0	0	0	0	0	0	0	0	0	0	0	0	0	0	0	0	0	0	0	0	0	0	0	0	0	0	0	0	0	0	0	0	0	0	0	0	0	0	0	0	0	0	0	0	0	0	0	0	0	0	0	0	0	0	0	0	0	0	0	0	0	0	0	0	0	0	0	0	0	0	0	0	0	0	0	0	0	0	0	1	1	0	0	0	0	0	0	0	0	1	1	0	0	0	0	0	0	0	0
0	0	0	0	0	0	0	0	0	0	0	0	0	0	0	0	0	0	0	0	0	0	0	0	0	0	0	0	0	0	0	0	0	0	0	0	0	0	0	0	0	0	0	0	0	0	0	0	0	0	0	0	0	0	0	0	0	0	0	0	0	0	0	0	0	0	0	0	0	0	0	0	0	0	0	0	0	0	0	0	0	1	1	0	0	0	0	0	0	0	0	1	1	0	0	0	0	0	0	0
0	0	0	0	0	0	0	0	0	0	0	0	0	0	0	0	0	0	0	0	0	0	0	0	0	0	0	0	0	0	0	0	0	0	0	0	0	0	0	0	0	0	0	0	0	0	0	0	0	0	0	0	0	0	0	0	0	0	0	0	0	0	0	0	0	0	0	0	0	0	0	0	0	0	0	0	0	0	0	0	0	0	1	1	0	0	0	0	0	0	0	0	1	1	0	0	0	0	0	0
0	0	0	0	0	0	0	0	0	0	0	0	0	0	0	0	0	0	0	0	0	0	0	0	0	0	0	0	0	0	0	0	0	0	0	0	0	0	0	0	0	0	0	0	0	0	0	0	0	0	0	0	0	0	0	0	0	0	0	0	0	0	0	0	0	0	0	0	0	0	0	0	0	0	0	0	0	0	0	0	0	0	0	1	1	0	0	0	0	0	0	0	0	1	1	0	0	0	0	0
0	0	0	0	0	0	0	0	0	0	0	0	0	0	0	0	0	0	0	0	0	0	0	0	0	0	0	0	0	0	0	0	0	0	0	0	0	0	0	0	0	0	0	0	0	0	0	0	0	0	0	0	0	0	0	0	0	0	0	0	0	0	0	0	0	0	0	0	0	0	0	0	0	0	0	0	0	0	0	0	0	0	0	0	1	1	0	0	0	0	0	0	0	0	1	1	0	0	0	0
0	0	0	0	0	0	0	0	0	0	0	0	0	0	0	0	0	0	0	0	0	0	0	0	0	0	0	0	0	0	0	0	0	0	0	0	0	0	0	0	0	0	0	0	0	0	0	0	0	0	0	0	0	0	0	0	0	0	0	0	0	0	0	0	0	0	0	0	0	0	0	0	0	0	0	0	0	0	0	0	0	0	0	0	0	1	1	0	0	0	0	0	0	0	0	1	1	0	0	0
0	0	0	0	0	0	0	0	0	0	0	0	0	0	0	0	0	0	0	0	0	0	0	0	0	0	0	0	0	0	0	0	0	0	0	0	0	0	0	0	0	0	0	0	0	0	0	0	0	0	0	0	0	0	0	0	0	0	0	0	0	0	0	0	0	0	0	0	0	0	0	0	0	0	0	0	0	0	0	0	0	0	0	0	0	0	1	1	0	0	0	0	0	0	0	0	1	1	0	0
0	0	0	0	0	0	0	0	0	0	0	0	0	0	0	0	0	0	0	0	0	0	0	0	0	0	0	0	0	0	0	0	0	0	0	0	0	0	0	0	0	0	0	0	0	0	0	0	0	0	0	0	0	0	0	0	0	0	0	0	0	0	0	0	0	0	0	0	0	0	0	0	0	0	0	0	0	0	0	0	0	0	0	0	0	0	0	1	1	0	0	0	0	0	0	0	0	1	1	0
0	0	0	0	0	0	0	0	0	0	0	0	0	0	0	0	0	0	0	0	0	0	0	0	0	0	0	0	0	0	0	0	0	0	0	0	0	0	0	0	0	0	0	0	0	0	0	0	0	0	0	0	0	0	0	0	0	0	0	0	0	0	0	0	0	0	0	0	0	0	0	0	0	0	0	0	0	0	0	0	0	0	0	0	0	0	0	0	1	1	0	0	0	0	0	0	0	0	1	1
];
alfa=[
1	1	1	0	0	0	0	0	0	0	1	1	1	0	0	0	0	0	0	0	0	0	0	0	0	0	0	0	0	0	0	0	0	0	0	0	0	0	0	0	0	0	0	0	0	0	0	0	0	0	0	0	0	0	0	0	0	0	0	0	0	0	0	0	0	0	0	0	0	0	0	0	0	0	0	0	0	0	0	0	0	0	0	0	0	0	0	0	0	0	0	0	0	0	0	0	0	0	0	0
0	1	0	0	0	0	0	0	0	0	0	0	0	0	0	0	0	0	0	0	0	0	0	0	0	0	0	0	0	0	0	0	0	0	0	0	0	0	0	0	0	0	0	0	0	0	0	0	0	0	0	0	0	0	0	0	0	0	0	0	0	0	0	0	0	0	0	0	0	0	0	0	0	0	0	0	0	0	0	0	0	0	0	0	0	0	0	0	0	0	0	0	0	0	0	0	0	0	0	0
0	0	0	0	1	1	1	0	0	0	0	0	0	0	1	1	1	0	0	0	0	0	0	0	1	1	1	0	0	0	0	0	0	0	0	0	0	0	0	0	0	0	0	0	0	0	0	0	0	0	0	0	0	0	0	0	0	0	0	0	0	0	0	0	0	0	0	0	0	0	0	0	0	0	0	0	0	0	0	0	0	0	0	0	0	0	0	0	0	0	0	0	0	0	0	0	0	0	0	0
0	0	0	0	0	0	0	0	0	0	0	0	0	0	0	1	0	0	0	0	0	0	0	0	0	0	0	0	0	0	0	0	0	0	0	0	0	0	0	0	0	0	0	0	0	0	0	0	0	0	0	0	0	0	0	0	0	0	0	0	0	0	0	0	0	0	0	0	0	0	0	0	0	0	0	0	0	0	0	0	0	0	0	0	0	0	0	0	0	0	0	0	0	0	0	0	0	0	0	0
0	0	0	0	0	0	0	0	1	1	0	0	0	0	0	0	0	0	1	1	0	0	0	0	0	0	0	0	1	1	0	0	0	0	0	0	0	0	0	0	0	0	0	0	0	0	0	0	0	0	0	0	0	0	0	0	0	0	0	0	0	0	0	0	0	0	0	0	0	0	0	0	0	0	0	0	0	0	0	0	0	0	0	0	0	0	0	0	0	0	0	0	0	0	0	0	0	0	0	0
0	0	0	0	0	0	0	0	0	0	0	0	0	0	0	0	0	0	0	1	0	0	0	0	0	0	0	0	0	0	0	0	0	0	0	0	0	0	0	0	0	0	0	0	0	0	0	0	0	0	0	0	0	0	0	0	0	0	0	0	0	0	0	0	0	0	0	0	0	0	0	0	0	0	0	0	0	0	0	0	0	0	0	0	0	0	0	0	0	0	0	0	0	0	0	0	0	0	0	0
0	0	0	0	0	0	0	0	0	0	1	1	0	0	0	0	0	0	0	0	1	1	0	0	0	0	0	0	0	0	1	1	0	0	0	0	0	0	0	0	0	0	0	0	0	0	0	0	0	0	0	0	0	0	0	0	0	0	0	0	0	0	0	0	0	0	0	0	0	0	0	0	0	0	0	0	0	0	0	0	0	0	0	0	0	0	0	0	0	0	0	0	0	0	0	0	0	0	0	0
0	0	0	0	0	0	0	0	0	0	0	0	0	0	0	0	0	0	0	0	1	0	0	0	0	0	0	0	0	0	0	0	0	0	0	0	0	0	0	0	0	0	0	0	0	0	0	0	0	0	0	0	0	0	0	0	0	0	0	0	0	0	0	0	0	0	0	0	0	0	0	0	0	0	0	0	0	0	0	0	0	0	0	0	0	0	0	0	0	0	0	0	0	0	0	0	0	0	0	0
0	0	0	0	0	0	0	0	0	0	1	1	1	0	0	0	0	0	0	0	1	1	1	0	0	0	0	0	0	0	1	1	1	0	0	0	0	0	0	0	0	0	0	0	0	0	0	0	0	0	0	0	0	0	0	0	0	0	0	0	0	0	0	0	0	0	0	0	0	0	0	0	0	0	0	0	0	0	0	0	0	0	0	0	0	0	0	0	0	0	0	0	0	0	0	0	0	0	0	0
0	0	0	0	0	0	0	0	0	0	0	0	0	0	0	0	0	0	0	0	0	1	0	0	0	0	0	0	0	0	0	0	0	0	0	0	0	0	0	0	0	0	0	0	0	0	0	0	0	0	0	0	0	0	0	0	0	0	0	0	0	0	0	0	0	0	0	0	0	0	0	0	0	0	0	0	0	0	0	0	0	0	0	0	0	0	0	0	0	0	0	0	0	0	0	0	0	0	0	0
0	0	0	0	0	0	0	0	0	0	0	0	0	0	0	0	0	0	1	1	0	0	0	0	0	0	0	0	1	1	0	0	0	0	0	0	0	0	1	1	0	0	0	0	0	0	0	0	0	0	0	0	0	0	0	0	0	0	0	0	0	0	0	0	0	0	0	0	0	0	0	0	0	0	0	0	0	0	0	0	0	0	0	0	0	0	0	0	0	0	0	0	0	0	0	0	0	0	0	0
0	0	0	0	0	0	0	0	0	0	0	0	0	0	0	0	0	0	0	0	0	0	0	0	0	0	0	0	0	1	0	0	0	0	0	0	0	0	0	0	0	0	0	0	0	0	0	0	0	0	0	0	0	0	0	0	0	0	0	0	0	0	0	0	0	0	0	0	0	0	0	0	0	0	0	0	0	0	0	0	0	0	0	0	0	0	0	0	0	0	0	0	0	0	0	0	0	0	0	0
0	0	0	0	0	0	0	0	0	0	0	0	0	0	0	0	0	0	0	0	0	0	0	0	1	1	1	0	0	0	0	0	0	0	1	1	1	0	0	0	0	0	0	0	1	1	1	0	0	0	0	0	0	0	0	0	0	0	0	0	0	0	0	0	0	0	0	0	0	0	0	0	0	0	0	0	0	0	0	0	0	0	0	0	0	0	0	0	0	0	0	0	0	0	0	0	0	0	0	0
0	0	0	0	0	0	0	0	0	0	0	0	0	0	0	0	0	0	0	0	0	0	0	0	0	0	0	0	0	0	0	0	0	0	0	1	0	0	0	0	0	0	0	0	0	0	0	0	0	0	0	0	0	0	0	0	0	0	0	0	0	0	0	0	0	0	0	0	0	0	0	0	0	0	0	0	0	0	0	0	0	0	0	0	0	0	0	0	0	0	0	0	0	0	0	0	0	0	0	0
0	0	0	0	0	0	0	0	0	0	0	0	0	0	0	0	0	0	0	0	0	0	0	0	0	0	0	0	0	0	0	1	1	1	0	0	0	0	0	0	0	1	1	1	0	0	0	0	0	0	0	1	1	1	0	0	0	0	0	0	0	0	0	0	0	0	0	0	0	0	0	0	0	0	0	0	0	0	0	0	0	0	0	0	0	0	0	0	0	0	0	0	0	0	0	0	0	0	0	0
0	0	0	0	0	0	0	0	0	0	0	0	0	0	0	0	0	0	0	0	0	0	0	0	0	0	0	0	0	0	0	0	0	0	0	0	0	0	0	0	0	0	1	0	0	0	0	0	0	0	0	0	0	0	0	0	0	0	0	0	0	0	0	0	0	0	0	0	0	0	0	0	0	0	0	0	0	0	0	0	0	0	0	0	0	0	0	0	0	0	0	0	0	0	0	0	0	0	0	0
0	0	0	0	0	0	0	0	0	0	0	0	0	0	0	0	0	0	0	0	0	0	0	0	0	0	0	0	0	0	0	0	0	0	0	1	1	1	0	0	0	0	0	0	0	1	1	1	0	0	0	0	0	0	0	1	1	1	0	0	0	0	0	0	0	0	0	0	0	0	0	0	0	0	0	0	0	0	0	0	0	0	0	0	0	0	0	0	0	0	0	0	0	0	0	0	0	0	0	0
0	0	0	0	0	0	0	0	0	0	0	0	0	0	0	0	0	0	0	0	0	0	0	0	0	0	0	0	0	0	0	0	0	0	0	0	0	0	0	0	0	0	0	0	0	0	1	0	0	0	0	0	0	0	0	0	0	0	0	0	0	0	0	0	0	0	0	0	0	0	0	0	0	0	0	0	0	0	0	0	0	0	0	0	0	0	0	0	0	0	0	0	0	0	0	0	0	0	0	0
0	0	0	0	0	0	0	0	0	0	0	0	0	0	0	0	0	0	0	0	0	0	0	0	0	0	0	0	0	0	0	0	0	0	0	0	0	0	0	0	0	0	0	0	0	0	0	0	0	0	0	0	0	0	0	0	0	0	0	0	0	0	0	1	1	1	0	0	0	0	0	0	0	1	1	1	0	0	0	0	0	0	0	1	1	1	0	0	0	0	0	0	0	0	0	0	0	0	0	0
0	0	0	0	0	0	0	0	0	0	0	0	0	0	0	0	0	0	0	0	0	0	0	0	0	0	0	0	0	0	0	0	0	0	0	0	0	0	0	0	0	0	0	0	0	0	0	0	0	0	0	0	0	0	0	0	0	0	0	0	0	0	0	0	0	0	0	0	0	0	0	0	0	0	1	0	0	0	0	0	0	0	0	0	0	0	0	0	0	0	0	0	0	0	0	0	0	0	0	0
0	0	0	0	0	0	0	0	0	0	0	0	0	0	0	0	0	0	0	0	0	0	0	0	0	0	0	0	0	0	0	0	0	0	0	0	0	0	0	0	0	0	0	0	0	0	0	0	0	0	0	0	0	0	0	0	0	0	0	0	0	0	0	0	1	1	1	0	0	0	0	0	0	0	1	1	1	0	0	0	0	0	0	0	1	1	1	0	0	0	0	0	0	0	0	0	0	0	0	0
0	0	0	0	0	0	0	0	0	0	0	0	0	0	0	0	0	0	0	0	0	0	0	0	0	0	0	0	0	0	0	0	0	0	0	0	0	0	0	0	0	0	0	0	0	0	0	0	0	0	0	0	0	0	0	0	0	0	0	0	0	0	0	0	0	0	0	0	0	0	0	0	0	0	0	1	0	0	0	0	0	0	0	0	0	0	0	0	0	0	0	0	0	0	0	0	0	0	0	0
0	0	0	0	0	0	0	0	0	0	0	0	0	0	0	0	0	0	0	0	0	0	0	0	0	0	0	0	0	0	0	0	0	0	0	0	0	0	0	0	0	0	0	0	0	0	0	0	0	0	0	0	0	0	0	0	0	0	0	0	0	0	0	0	0	0	1	1	1	0	0	0	0	0	0	0	1	1	1	0	0	0	0	0	0	0	1	1	1	0	0	0	0	0	0	0	0	0	0	0
0	0	0	0	0	0	0	0	0	0	0	0	0	0	0	0	0	0	0	0	0	0	0	0	0	0	0	0	0	0	0	0	0	0	0	0	0	0	0	0	0	0	0	0	0	0	0	0	0	0	0	0	0	0	0	0	0	0	0	0	0	0	0	0	0	0	0	0	0	0	0	0	0	0	0	0	0	1	0	0	0	0	0	0	0	0	0	0	0	0	0	0	0	0	0	0	0	0	0	0
0	0	0	0	0	0	0	0	0	0	0	0	0	0	0	0	0	0	0	0	0	0	0	0	0	0	0	0	0	0	0	0	0	0	0	0	0	0	0	0	0	0	0	0	0	0	0	0	0	0	0	0	0	0	0	0	0	0	0	0	0	0	0	0	0	0	0	0	0	0	1	1	0	0	0	0	0	0	0	0	1	1	0	0	0	0	0	0	0	0	1	1	0	0	0	0	0	0	0	0
0	0	0	0	0	0	0	0	0	0	0	0	0	0	0	0	0	0	0	0	0	0	0	0	0	0	0	0	0	0	0	0	0	0	0	0	0	0	0	0	0	0	0	0	0	0	0	0	0	0	0	0	0	0	0	0	0	0	0	0	0	0	0	0	0	0	0	0	0	0	0	0	0	0	0	0	0	0	0	0	1	0	0	0	0	0	0	0	0	0	0	0	0	0	0	0	0	0	0	0
0	0	0	0	0	0	0	0	0	0	0	0	0	0	0	0	0	0	0	0	0	0	0	0	0	0	0	0	0	0	0	0	0	0	0	0	0	0	0	0	0	0	0	0	0	0	0	0	0	0	0	0	0	0	0	0	0	0	0	0	0	0	0	0	0	0	0	0	0	0	0	0	0	0	0	0	0	0	0	0	0	0	0	0	0	1	1	1	0	0	0	0	0	0	0	1	1	1	0	0
0	0	0	0	0	0	0	0	0	0	0	0	0	0	0	0	0	0	0	0	0	0	0	0	0	0	0	0	0	0	0	0	0	0	0	0	0	0	0	0	0	0	0	0	0	0	0	0	0	0	0	0	0	0	0	0	0	0	0	0	0	0	0	0	0	0	0	0	0	0	0	0	0	0	0	0	0	0	0	0	0	0	0	0	0	0	0	0	0	0	0	0	0	0	0	0	1	0	0	0
0	0	0	0	0	0	0	0	0	0	0	0	0	0	0	0	0	0	0	0	0	0	0	0	0	0	0	0	0	0	0	0	0	0	0	0	0	0	0	0	0	0	0	0	0	0	0	0	0	0	0	0	0	0	0	0	0	0	0	0	0	0	0	0	0	0	0	0	0	0	0	0	0	0	0	0	0	0	0	0	0	0	0	0	0	0	0	1	1	1	0	0	0	0	0	0	0	1	1	1
0	0	0	0	0	0	0	0	0	0	0	0	0	0	0	0	0	0	0	0	0	0	0	0	0	0	0	0	0	0	0	0	0	0	0	0	0	0	0	0	0	0	0	0	0	0	0	0	0	0	0	0	0	0	0	0	0	0	0	0	0	0	0	0	0	0	0	0	0	0	0	0	0	0	0	0	0	0	0	0	0	0	0	0	0	0	0	0	0	0	0	0	0	0	0	0	0	0	1	0
];
t=[
4.12	8.06	2.24	2.00	8.25	5.00	4.12	6.40	7.62	8.06	9.22	8.06	10.30	11.40	0.71	0.71	1.58	2.55	3.54	4.53	5.52	6.52	7.52	1.58	1.58	2.12	2.92	3.81	4.74	5.70	6.67	7.65	2.55	2.55	2.92	3.54	4.30	5.15	6.04	6.96	7.91	3.54	3.54	3.81	4.30	4.95	5.70	6.52	7.38	8.28	4.53	4.53	4.74	5.15	5.70	6.36	7.11	7.91	8.75	5.52	5.52	5.70	6.04	6.52	7.11	7.78	8.51	9.30	6.52	6.52	6.67	6.96	7.38	7.91	8.51	9.19	9.92	7.52	7.52	7.65	7.91	8.28	8.75	9.30	9.92	10.61	8.51	8.51	8.63	8.86	9.19	9.62	10.12	10.70	11.34
4.12	4.00	5.10	4.12	4.12	2.00	4.24	3.16	6.08	6.00	6.32	8.60	8.06	8.54	4.53	3.54	2.55	1.58	0.71	0.71	1.58	2.55	3.54	4.53	3.54	2.55	1.58	0.71	0.71	1.58	2.55	3.54	4.74	3.81	2.92	2.12	1.58	1.58	2.12	2.92	3.81	5.15	4.30	3.54	2.92	2.55	2.55	2.92	3.54	4.30	5.70	4.95	4.30	3.81	3.54	3.54	3.81	4.30	4.95	6.36	5.70	5.15	4.74	4.53	4.53	4.74	5.15	5.70	7.11	6.52	6.04	5.70	5.52	5.52	5.70	6.04	6.52	7.91	7.38	6.96	6.67	6.52	6.52	6.67	6.96	7.38	8.75	8.28	7.91	7.65	7.52	7.52	7.65	7.91	8.28
8.06	4.00	9.06	8.06	1.00	4.47	7.62	4.24	7.81	7.21	6.32	11.40	8.54	8.06	8.51	7.52	6.52	5.52	4.53	3.54	2.55	1.58	0.71	8.51	7.52	6.52	5.52	4.53	3.54	2.55	1.58	0.71	8.63	7.65	6.67	5.70	4.74	3.81	2.92	2.12	1.58	8.86	7.91	6.96	6.04	5.15	4.30	3.54	2.92	2.55	9.19	8.28	7.38	6.52	5.70	4.95	4.30	3.81	3.54	9.62	8.75	7.91	7.11	6.36	5.70	5.15	4.74	4.53	10.12	9.30	8.51	7.78	7.11	6.52	6.04	5.70	5.52	10.70	9.92	9.19	8.51	7.91	7.38	6.96	6.67	6.52	11.34	10.61	9.92	9.30	8.75	8.28	7.91	7.65	7.52
2.24	5.10	9.06	1.00	9.00	5.10	2.83	6.32	6.40	7.07	8.60	6.00	9.22	10.63	1.58	2.12	2.92	3.81	4.74	5.70	6.67	7.65	8.63	0.71	1.58	2.55	3.54	4.53	5.52	6.52	7.52	8.51	0.71	1.58	2.55	3.54	4.53	5.52	6.52	7.52	8.51	1.58	2.12	2.92	3.81	4.74	5.70	6.67	7.65	8.63	2.55	2.92	3.54	4.30	5.15	6.04	6.96	7.91	8.86	3.54	3.81	4.30	4.95	5.70	6.52	7.38	8.28	9.19	4.53	4.74	5.15	5.70	6.36	7.11	7.91	8.75	9.62	5.52	5.70	6.04	6.52	7.11	7.78	8.51	9.30	10.12	6.52	6.67	6.96	7.38	7.91	8.51	9.19	9.92	10.70
2.00	4.12	8.06	1.00	8.00	4.12	2.24	5.39	5.83	6.40	7.81	6.08	8.60	9.90	1.58	1.58	2.12	2.92	3.81	4.74	5.70	6.67	7.65	0.71	0.71	1.58	2.55	3.54	4.53	5.52	6.52	7.52	0.71	0.71	1.58	2.55	3.54	4.53	5.52	6.52	7.52	1.58	1.58	2.12	2.92	3.81	4.74	5.70	6.67	7.65	2.55	2.55	2.92	3.54	4.30	5.15	6.04	6.96	7.91	3.54	3.54	3.81	4.30	4.95	5.70	6.52	7.38	8.28	4.53	4.53	4.74	5.15	5.70	6.36	7.11	7.91	8.75	5.52	5.52	5.70	6.04	6.52	7.11	7.78	8.51	9.30	6.52	6.52	6.67	6.96	7.38	7.91	8.51	9.19	9.92
8.25	4.12	1.00	9.00	8.00	4.12	7.28	3.61	7.07	6.40	5.39	10.82	7.62	7.07	8.63	7.65	6.67	5.70	4.74	3.81	2.92	2.12	1.58	8.51	7.52	6.52	5.52	4.53	3.54	2.55	1.58	0.71	8.51	7.52	6.52	5.52	4.53	3.54	2.55	1.58	0.71	8.63	7.65	6.67	5.70	4.74	3.81	2.92	2.12	1.58	8.86	7.91	6.96	6.04	5.15	4.30	3.54	2.92	2.55	9.19	8.28	7.38	6.52	5.70	4.95	4.30	3.81	3.54	9.62	8.75	7.91	7.11	6.36	5.70	5.15	4.74	4.53	10.12	9.30	8.51	7.78	7.11	6.52	6.04	5.70	5.52	10.70	9.92	9.19	8.51	7.91	7.38	6.96	6.67	6.52
5.00	2.00	4.47	5.10	4.12	4.12	3.16	1.41	4.12	4.00	4.47	7.07	6.08	6.71	5.15	4.30	3.54	2.92	2.55	2.55	2.92	3.54	4.30	4.74	3.81	2.92	2.12	1.58	1.58	2.12	2.92	3.81	4.53	3.54	2.55	1.58	0.71	0.71	1.58	2.55	3.54	4.53	3.54	2.55	1.58	0.71	0.71	1.58	2.55	3.54	4.74	3.81	2.92	2.12	1.58	1.58	2.12	2.92	3.81	5.15	4.30	3.54	2.92	2.55	2.55	2.92	3.54	4.30	5.70	4.95	4.30	3.81	3.54	3.54	3.81	4.30	4.95	6.36	5.70	5.15	4.74	4.53	4.53	4.74	5.15	5.70	7.11	6.52	6.04	5.70	5.52	5.52	5.70	6.04	6.52
4.12	4.24	7.62	2.83	2.24	7.28	3.16	4.00	3.61	4.24	5.83	4.47	6.40	7.81	3.81	3.54	3.54	3.81	4.30	4.95	5.70	6.52	7.38	2.92	2.55	2.55	2.92	3.54	4.30	5.15	6.04	6.96	2.12	1.58	1.58	2.12	2.92	3.81	4.74	5.70	6.67	1.58	0.71	0.71	1.58	2.55	3.54	4.53	5.52	6.52	1.58	0.71	0.71	1.58	2.55	3.54	4.53	5.52	6.52	2.12	1.58	1.58	2.12	2.92	3.81	4.74	5.70	6.67	2.92	2.55	2.55	2.92	3.54	4.30	5.15	6.04	6.96	3.81	3.54	3.54	3.81	4.30	4.95	5.70	6.52	7.38	4.74	4.53	4.53	4.74	5.15	5.70	6.36	7.11	7.91
6.40	3.16	4.24	6.32	5.39	3.61	1.41	4.00	3.61	3.16	3.16	7.21	5.00	5.39	6.52	5.70	4.95	4.30	3.81	3.54	3.54	3.81	4.30	6.04	5.15	4.30	3.54	2.92	2.55	2.55	2.92	3.54	5.70	4.74	3.81	2.92	2.12	1.58	1.58	2.12	2.92	5.52	4.53	3.54	2.55	1.58	0.71	0.71	1.58	2.55	5.52	4.53	3.54	2.55	1.58	0.71	0.71	1.58	2.55	5.70	4.74	3.81	2.92	2.12	1.58	1.58	2.12	2.92	6.04	5.15	4.30	3.54	2.92	2.55	2.55	2.92	3.54	6.52	5.70	4.95	4.30	3.81	3.54	3.54	3.81	4.30	7.11	6.36	5.70	5.15	4.74	4.53	4.53	4.74	5.15
7.62	6.08	7.81	6.40	5.83	7.07	4.12	3.61	3.61	1.00	3.00	4.12	2.83	4.47	7.38	6.96	6.67	6.52	6.52	6.67	6.96	7.38	7.91	6.52	6.04	5.70	5.52	5.52	5.70	6.04	6.52	7.11	5.70	5.15	4.74	4.53	4.53	4.74	5.15	5.70	6.36	4.95	4.30	3.81	3.54	3.54	3.81	4.30	4.95	5.70	4.30	3.54	2.92	2.55	2.55	2.92	3.54	4.30	5.15	3.81	2.92	2.12	1.58	1.58	2.12	2.92	3.81	4.74	3.54	2.55	1.58	0.71	0.71	1.58	2.55	3.54	4.53	3.54	2.55	1.58	0.71	0.71	1.58	2.55	3.54	4.53	3.81	2.92	2.12	1.58	1.58	2.12	2.92	3.81	4.74
8.06	6.00	7.21	7.07	6.40	6.40	4.00	4.24	3.16	1.00	2.00	5.10	2.24	3.61	7.91	7.38	6.96	6.67	6.52	6.52	6.67	6.96	7.38	7.11	6.52	6.04	5.70	5.52	5.52	5.70	6.04	6.52	6.36	5.70	5.15	4.74	4.53	4.53	4.74	5.15	5.70	5.70	4.95	4.30	3.81	3.54	3.54	3.81	4.30	4.95	5.15	4.30	3.54	2.92	2.55	2.55	2.92	3.54	4.30	4.74	3.81	2.92	2.12	1.58	1.58	2.12	2.92	3.81	4.53	3.54	2.55	1.58	0.71	0.71	1.58	2.55	3.54	4.53	3.54	2.55	1.58	0.71	0.71	1.58	2.55	3.54	4.74	3.81	2.92	2.12	1.58	1.58	2.12	2.92	3.81
9.22	6.32	6.32	8.60	7.81	5.39	4.47	5.83	3.16	3.00	2.00	7.07	2.24	2.24	9.19	8.51	7.91	7.38	6.96	6.67	6.52	6.52	6.67	8.51	7.78	7.11	6.52	6.04	5.70	5.52	5.52	5.70	7.91	7.11	6.36	5.70	5.15	4.74	4.53	4.53	4.74	7.38	6.52	5.70	4.95	4.30	3.81	3.54	3.54	3.81	6.96	6.04	5.15	4.30	3.54	2.92	2.55	2.55	2.92	6.67	5.70	4.74	3.81	2.92	2.12	1.58	1.58	2.12	6.52	5.52	4.53	3.54	2.55	1.58	0.71	0.71	1.58	6.52	5.52	4.53	3.54	2.55	1.58	0.71	0.71	1.58	6.67	5.70	4.74	3.81	2.92	2.12	1.58	1.58	2.12
8.06	8.60	11.40	6.00	6.08	10.82	7.07	4.47	7.21	4.12	5.10	7.07	6.08	8.06	7.52	7.65	7.91	8.28	8.75	9.30	9.92	10.61	11.34	6.52	6.67	6.96	7.38	7.91	8.51	9.19	9.92	10.70	5.52	5.70	6.04	6.52	7.11	7.78	8.51	9.30	10.12	4.53	4.74	5.15	5.70	6.36	7.11	7.91	8.75	9.62	3.54	3.81	4.30	4.95	5.70	6.52	7.38	8.28	9.19	2.55	2.92	3.54	4.30	5.15	6.04	6.96	7.91	8.86	1.58	2.12	2.92	3.81	4.74	5.70	6.67	7.65	8.63	0.71	1.58	2.55	3.54	4.53	5.52	6.52	7.52	8.51	0.71	1.58	2.55	3.54	4.53	5.52	6.52	7.52	8.51
10.30	8.06	8.54	9.22	8.60	7.62	6.08	6.40	5.00	2.83	2.24	2.24	6.08	2.00	10.12	9.62	9.19	8.86	8.63	8.51	8.51	8.63	8.86	9.30	8.75	8.28	7.91	7.65	7.52	7.52	7.65	7.91	8.51	7.91	7.38	6.96	6.67	6.52	6.52	6.67	6.96	7.78	7.11	6.52	6.04	5.70	5.52	5.52	5.70	6.04	7.11	6.36	5.70	5.15	4.74	4.53	4.53	4.74	5.15	6.52	5.70	4.95	4.30	3.81	3.54	3.54	3.81	4.30	6.04	5.15	4.30	3.54	2.92	2.55	2.55	2.92	3.54	5.70	4.74	3.81	2.92	2.12	1.58	1.58	2.12	2.92	5.52	4.53	3.54	2.55	1.58	0.71	0.71	1.58	2.55
11.40	8.54	8.06	10.63	9.90	7.07	6.71	7.81	5.39	4.47	3.61	2.24	8.06	2.00	11.34	10.70	10.12	9.62	9.19	8.86	8.63	8.51	8.51	10.61	9.92	9.30	8.75	8.28	7.91	7.65	7.52	7.52	9.92	9.19	8.51	7.91	7.38	6.96	6.67	6.52	6.52	9.30	8.51	7.78	7.11	6.52	6.04	5.70	5.52	5.52	8.75	7.91	7.11	6.36	5.70	5.15	4.74	4.53	4.53	8.28	7.38	6.52	5.70	4.95	4.30	3.81	3.54	3.54	7.91	6.96	6.04	5.15	4.30	3.54	2.92	2.55	2.55	7.65	6.67	5.70	4.74	3.81	2.92	2.12	1.58	1.58	7.52	6.52	5.52	4.53	3.54	2.55	1.58	0.71	0.71
0.71	4.53	8.51	1.58	1.58	8.63	5.15	3.81	6.52	7.38	7.91	9.19	7.52	10.12	11.34	1.00	2.00	3.00	4.00	5.00	6.00	7.00	8.00	1.00	1.41	2.24	3.16	4.12	5.10	6.08	7.07	8.06	2.00	2.24	2.83	3.61	4.47	5.39	6.32	7.28	8.25	3.00	3.16	3.61	4.24	5.00	5.83	6.71	7.62	8.54	4.00	4.12	4.47	5.00	5.66	6.40	7.21	8.06	8.94	5.00	5.10	5.39	5.83	6.40	7.07	7.81	8.60	9.43	6.00	6.08	6.32	6.71	7.21	7.81	8.49	9.22	10.00	7.00	7.07	7.28	7.62	8.06	8.60	9.22	9.90	10.63	8.00	8.06	8.25	8.54	8.94	9.43	10.00	10.63	11.31
0.71	3.54	7.52	2.12	1.58	7.65	4.30	3.54	5.70	6.96	7.38	8.51	7.65	9.62	10.70	1.00	1.00	2.00	3.00	4.00	5.00	6.00	7.00	1.41	1.00	1.41	2.24	3.16	4.12	5.10	6.08	7.07	2.24	2.00	2.24	2.83	3.61	4.47	5.39	6.32	7.28	3.16	3.00	3.16	3.61	4.24	5.00	5.83	6.71	7.62	4.12	4.00	4.12	4.47	5.00	5.66	6.40	7.21	8.06	5.10	5.00	5.10	5.39	5.83	6.40	7.07	7.81	8.60	6.08	6.00	6.08	6.32	6.71	7.21	7.81	8.49	9.22	7.07	7.00	7.07	7.28	7.62	8.06	8.60	9.22	9.90	8.06	8.00	8.06	8.25	8.54	8.94	9.43	10.00	10.63
1.58	2.55	6.52	2.92	2.12	6.67	3.54	3.54	4.95	6.67	6.96	7.91	7.91	9.19	10.12	2.00	1.00	1.00	2.00	3.00	4.00	5.00	6.00	2.24	1.41	1.00	1.41	2.24	3.16	4.12	5.10	6.08	2.83	2.24	2.00	2.24	2.83	3.61	4.47	5.39	6.32	3.61	3.16	3.00	3.16	3.61	4.24	5.00	5.83	6.71	4.47	4.12	4.00	4.12	4.47	5.00	5.66	6.40	7.21	5.39	5.10	5.00	5.10	5.39	5.83	6.40	7.07	7.81	6.32	6.08	6.00	6.08	6.32	6.71	7.21	7.81	8.49	7.28	7.07	7.00	7.07	7.28	7.62	8.06	8.60	9.22	8.25	8.06	8.00	8.06	8.25	8.54	8.94	9.43	10.00
2.55	1.58	5.52	3.81	2.92	5.70	2.92	3.81	4.30	6.52	6.67	7.38	8.28	8.86	9.62	3.00	2.00	1.00	1.00	2.00	3.00	4.00	5.00	3.16	2.24	1.41	1.00	1.41	2.24	3.16	4.12	5.10	3.61	2.83	2.24	2.00	2.24	2.83	3.61	4.47	5.39	4.24	3.61	3.16	3.00	3.16	3.61	4.24	5.00	5.83	5.00	4.47	4.12	4.00	4.12	4.47	5.00	5.66	6.40	5.83	5.39	5.10	5.00	5.10	5.39	5.83	6.40	7.07	6.71	6.32	6.08	6.00	6.08	6.32	6.71	7.21	7.81	7.62	7.28	7.07	7.00	7.07	7.28	7.62	8.06	8.60	8.54	8.25	8.06	8.00	8.06	8.25	8.54	8.94	9.43
3.54	0.71	4.53	4.74	3.81	4.74	2.55	4.30	3.81	6.52	6.52	6.96	8.75	8.63	9.19	4.00	3.00	2.00	1.00	1.00	2.00	3.00	4.00	4.12	3.16	2.24	1.41	1.00	1.41	2.24	3.16	4.12	4.47	3.61	2.83	2.24	2.00	2.24	2.83	3.61	4.47	5.00	4.24	3.61	3.16	3.00	3.16	3.61	4.24	5.00	5.66	5.00	4.47	4.12	4.00	4.12	4.47	5.00	5.66	6.40	5.83	5.39	5.10	5.00	5.10	5.39	5.83	6.40	7.21	6.71	6.32	6.08	6.00	6.08	6.32	6.71	7.21	8.06	7.62	7.28	7.07	7.00	7.07	7.28	7.62	8.06	8.94	8.54	8.25	8.06	8.00	8.06	8.25	8.54	8.94
4.53	0.71	3.54	5.70	4.74	3.81	2.55	4.95	3.54	6.67	6.52	6.67	9.30	8.51	8.86	5.00	4.00	3.00	2.00	1.00	1.00	2.00	3.00	5.10	4.12	3.16	2.24	1.41	1.00	1.41	2.24	3.16	5.39	4.47	3.61	2.83	2.24	2.00	2.24	2.83	3.61	5.83	5.00	4.24	3.61	3.16	3.00	3.16	3.61	4.24	6.40	5.66	5.00	4.47	4.12	4.00	4.12	4.47	5.00	7.07	6.40	5.83	5.39	5.10	5.00	5.10	5.39	5.83	7.81	7.21	6.71	6.32	6.08	6.00	6.08	6.32	6.71	8.60	8.06	7.62	7.28	7.07	7.00	7.07	7.28	7.62	9.43	8.94	8.54	8.25	8.06	8.00	8.06	8.25	8.54
5.52	1.58	2.55	6.67	5.70	2.92	2.92	5.70	3.54	6.96	6.67	6.52	9.92	8.51	8.63	6.00	5.00	4.00	3.00	2.00	1.00	1.00	2.00	6.08	5.10	4.12	3.16	2.24	1.41	1.00	1.41	2.24	6.32	5.39	4.47	3.61	2.83	2.24	2.00	2.24	2.83	6.71	5.83	5.00	4.24	3.61	3.16	3.00	3.16	3.61	7.21	6.40	5.66	5.00	4.47	4.12	4.00	4.12	4.47	7.81	7.07	6.40	5.83	5.39	5.10	5.00	5.10	5.39	8.49	7.81	7.21	6.71	6.32	6.08	6.00	6.08	6.32	9.22	8.60	8.06	7.62	7.28	7.07	7.00	7.07	7.28	10.00	9.43	8.94	8.54	8.25	8.06	8.00	8.06	8.25
6.52	2.55	1.58	7.65	6.67	2.12	3.54	6.52	3.81	7.38	6.96	6.52	10.61	8.63	8.51	7.00	6.00	5.00	4.00	3.00	2.00	1.00	1.00	7.07	6.08	5.10	4.12	3.16	2.24	1.41	1.00	1.41	7.28	6.32	5.39	4.47	3.61	2.83	2.24	2.00	2.24	7.62	6.71	5.83	5.00	4.24	3.61	3.16	3.00	3.16	8.06	7.21	6.40	5.66	5.00	4.47	4.12	4.00	4.12	8.60	7.81	7.07	6.40	5.83	5.39	5.10	5.00	5.10	9.22	8.49	7.81	7.21	6.71	6.32	6.08	6.00	6.08	9.90	9.22	8.60	8.06	7.62	7.28	7.07	7.00	7.07	10.63	10.00	9.43	8.94	8.54	8.25	8.06	8.00	8.06
7.52	3.54	0.71	8.63	7.65	1.58	4.30	7.38	4.30	7.91	7.38	6.67	11.34	8.86	8.51	8.00	7.00	6.00	5.00	4.00	3.00	2.00	1.00	8.06	7.07	6.08	5.10	4.12	3.16	2.24	1.41	1.00	8.25	7.28	6.32	5.39	4.47	3.61	2.83	2.24	2.00	8.54	7.62	6.71	5.83	5.00	4.24	3.61	3.16	3.00	8.94	8.06	7.21	6.40	5.66	5.00	4.47	4.12	4.00	9.43	8.60	7.81	7.07	6.40	5.83	5.39	5.10	5.00	10.00	9.22	8.49	7.81	7.21	6.71	6.32	6.08	6.00	10.63	9.90	9.22	8.60	8.06	7.62	7.28	7.07	7.00	11.31	10.63	10.00	9.43	8.94	8.54	8.25	8.06	8.00
1.58	4.53	8.51	0.71	0.71	8.51	4.74	2.92	6.04	6.52	7.11	8.51	6.52	9.30	10.61	1.00	1.41	2.24	3.16	4.12	5.10	6.08	7.07	8.06	1.00	2.00	3.00	4.00	5.00	6.00	7.00	8.00	1.00	1.41	2.24	3.16	4.12	5.10	6.08	7.07	8.06	2.00	2.24	2.83	3.61	4.47	5.39	6.32	7.28	8.25	3.00	3.16	3.61	4.24	5.00	5.83	6.71	7.62	8.54	4.00	4.12	4.47	5.00	5.66	6.40	7.21	8.06	8.94	5.00	5.10	5.39	5.83	6.40	7.07	7.81	8.60	9.43	6.00	6.08	6.32	6.71	7.21	7.81	8.49	9.22	10.00	7.00	7.07	7.28	7.62	8.06	8.60	9.22	9.90	10.63
1.58	3.54	7.52	1.58	0.71	7.52	3.81	2.55	5.15	6.04	6.52	7.78	6.67	8.75	9.92	1.41	1.00	1.41	2.24	3.16	4.12	5.10	6.08	7.07	1.00	1.00	2.00	3.00	4.00	5.00	6.00	7.00	1.41	1.00	1.41	2.24	3.16	4.12	5.10	6.08	7.07	2.24	2.00	2.24	2.83	3.61	4.47	5.39	6.32	7.28	3.16	3.00	3.16	3.61	4.24	5.00	5.83	6.71	7.62	4.12	4.00	4.12	4.47	5.00	5.66	6.40	7.21	8.06	5.10	5.00	5.10	5.39	5.83	6.40	7.07	7.81	8.60	6.08	6.00	6.08	6.32	6.71	7.21	7.81	8.49	9.22	7.07	7.00	7.07	7.28	7.62	8.06	8.60	9.22	9.90
2.12	2.55	6.52	2.55	1.58	6.52	2.92	2.55	4.30	5.70	6.04	7.11	6.96	8.28	9.30	2.24	1.41	1.00	1.41	2.24	3.16	4.12	5.10	6.08	2.00	1.00	1.00	2.00	3.00	4.00	5.00	6.00	2.24	1.41	1.00	1.41	2.24	3.16	4.12	5.10	6.08	2.83	2.24	2.00	2.24	2.83	3.61	4.47	5.39	6.32	3.61	3.16	3.00	3.16	3.61	4.24	5.00	5.83	6.71	4.47	4.12	4.00	4.12	4.47	5.00	5.66	6.40	7.21	5.39	5.10	5.00	5.10	5.39	5.83	6.40	7.07	7.81	6.32	6.08	6.00	6.08	6.32	6.71	7.21	7.81	8.49	7.28	7.07	7.00	7.07	7.28	7.62	8.06	8.60	9.22
2.92	1.58	5.52	3.54	2.55	5.52	2.12	2.92	3.54	5.52	5.70	6.52	7.38	7.91	8.75	3.16	2.24	1.41	1.00	1.41	2.24	3.16	4.12	5.10	3.00	2.00	1.00	1.00	2.00	3.00	4.00	5.00	3.16	2.24	1.41	1.00	1.41	2.24	3.16	4.12	5.10	3.61	2.83	2.24	2.00	2.24	2.83	3.61	4.47	5.39	4.24	3.61	3.16	3.00	3.16	3.61	4.24	5.00	5.83	5.00	4.47	4.12	4.00	4.12	4.47	5.00	5.66	6.40	5.83	5.39	5.10	5.00	5.10	5.39	5.83	6.40	7.07	6.71	6.32	6.08	6.00	6.08	6.32	6.71	7.21	7.81	7.62	7.28	7.07	7.00	7.07	7.28	7.62	8.06	8.60
3.81	0.71	4.53	4.53	3.54	4.53	1.58	3.54	2.92	5.52	5.52	6.04	7.91	7.65	8.28	4.12	3.16	2.24	1.41	1.00	1.41	2.24	3.16	4.12	4.00	3.00	2.00	1.00	1.00	2.00	3.00	4.00	4.12	3.16	2.24	1.41	1.00	1.41	2.24	3.16	4.12	4.47	3.61	2.83	2.24	2.00	2.24	2.83	3.61	4.47	5.00	4.24	3.61	3.16	3.00	3.16	3.61	4.24	5.00	5.66	5.00	4.47	4.12	4.00	4.12	4.47	5.00	5.66	6.40	5.83	5.39	5.10	5.00	5.10	5.39	5.83	6.40	7.21	6.71	6.32	6.08	6.00	6.08	6.32	6.71	7.21	8.06	7.62	7.28	7.07	7.00	7.07	7.28	7.62	8.06
4.74	0.71	3.54	5.52	4.53	3.54	1.58	4.30	2.55	5.70	5.52	5.70	8.51	7.52	7.91	5.10	4.12	3.16	2.24	1.41	1.00	1.41	2.24	3.16	5.00	4.00	3.00	2.00	1.00	1.00	2.00	3.00	5.10	4.12	3.16	2.24	1.41	1.00	1.41	2.24	3.16	5.39	4.47	3.61	2.83	2.24	2.00	2.24	2.83	3.61	5.83	5.00	4.24	3.61	3.16	3.00	3.16	3.61	4.24	6.40	5.66	5.00	4.47	4.12	4.00	4.12	4.47	5.00	7.07	6.40	5.83	5.39	5.10	5.00	5.10	5.39	5.83	7.81	7.21	6.71	6.32	6.08	6.00	6.08	6.32	6.71	8.60	8.06	7.62	7.28	7.07	7.00	7.07	7.28	7.62
5.70	1.58	2.55	6.52	5.52	2.55	2.12	5.15	2.55	6.04	5.70	5.52	9.19	7.52	7.65	6.08	5.10	4.12	3.16	2.24	1.41	1.00	1.41	2.24	6.00	5.00	4.00	3.00	2.00	1.00	1.00	2.00	6.08	5.10	4.12	3.16	2.24	1.41	1.00	1.41	2.24	6.32	5.39	4.47	3.61	2.83	2.24	2.00	2.24	2.83	6.71	5.83	5.00	4.24	3.61	3.16	3.00	3.16	3.61	7.21	6.40	5.66	5.00	4.47	4.12	4.00	4.12	4.47	7.81	7.07	6.40	5.83	5.39	5.10	5.00	5.10	5.39	8.49	7.81	7.21	6.71	6.32	6.08	6.00	6.08	6.32	9.22	8.60	8.06	7.62	7.28	7.07	7.00	7.07	7.28
6.67	2.55	1.58	7.52	6.52	1.58	2.92	6.04	2.92	6.52	6.04	5.52	9.92	7.65	7.52	7.07	6.08	5.10	4.12	3.16	2.24	1.41	1.00	1.41	7.00	6.00	5.00	4.00	3.00	2.00	1.00	1.00	7.07	6.08	5.10	4.12	3.16	2.24	1.41	1.00	1.41	7.28	6.32	5.39	4.47	3.61	2.83	2.24	2.00	2.24	7.62	6.71	5.83	5.00	4.24	3.61	3.16	3.00	3.16	8.06	7.21	6.40	5.66	5.00	4.47	4.12	4.00	4.12	8.60	7.81	7.07	6.40	5.83	5.39	5.10	5.00	5.10	9.22	8.49	7.81	7.21	6.71	6.32	6.08	6.00	6.08	9.90	9.22	8.60	8.06	7.62	7.28	7.07	7.00	7.07
7.65	3.54	0.71	8.51	7.52	0.71	3.81	6.96	3.54	7.11	6.52	5.70	10.70	7.91	7.52	8.06	7.07	6.08	5.10	4.12	3.16	2.24	1.41	1.00	8.00	7.00	6.00	5.00	4.00	3.00	2.00	1.00	8.06	7.07	6.08	5.10	4.12	3.16	2.24	1.41	1.00	8.25	7.28	6.32	5.39	4.47	3.61	2.83	2.24	2.00	8.54	7.62	6.71	5.83	5.00	4.24	3.61	3.16	3.00	8.94	8.06	7.21	6.40	5.66	5.00	4.47	4.12	4.00	9.43	8.60	7.81	7.07	6.40	5.83	5.39	5.10	5.00	10.00	9.22	8.49	7.81	7.21	6.71	6.32	6.08	6.00	10.63	9.90	9.22	8.60	8.06	7.62	7.28	7.07	7.00
2.55	4.74	8.63	0.71	0.71	8.51	4.53	2.12	5.70	5.70	6.36	7.91	5.52	8.51	9.92	2.00	2.24	2.83	3.61	4.47	5.39	6.32	7.28	8.25	1.00	1.41	2.24	3.16	4.12	5.10	6.08	7.07	8.06	1.00	2.00	3.00	4.00	5.00	6.00	7.00	8.00	1.00	1.41	2.24	3.16	4.12	5.10	6.08	7.07	8.06	2.00	2.24	2.83	3.61	4.47	5.39	6.32	7.28	8.25	3.00	3.16	3.61	4.24	5.00	5.83	6.71	7.62	8.54	4.00	4.12	4.47	5.00	5.66	6.40	7.21	8.06	8.94	5.00	5.10	5.39	5.83	6.40	7.07	7.81	8.60	9.43	6.00	6.08	6.32	6.71	7.21	7.81	8.49	9.22	10.00
2.55	3.81	7.65	1.58	0.71	7.52	3.54	1.58	4.74	5.15	5.70	7.11	5.70	7.91	9.19	2.24	2.00	2.24	2.83	3.61	4.47	5.39	6.32	7.28	1.41	1.00	1.41	2.24	3.16	4.12	5.10	6.08	7.07	1.00	1.00	2.00	3.00	4.00	5.00	6.00	7.00	1.41	1.00	1.41	2.24	3.16	4.12	5.10	6.08	7.07	2.24	2.00	2.24	2.83	3.61	4.47	5.39	6.32	7.28	3.16	3.00	3.16	3.61	4.24	5.00	5.83	6.71	7.62	4.12	4.00	4.12	4.47	5.00	5.66	6.40	7.21	8.06	5.10	5.00	5.10	5.39	5.83	6.40	7.07	7.81	8.60	6.08	6.00	6.08	6.32	6.71	7.21	7.81	8.49	9.22
2.92	2.92	6.67	2.55	1.58	6.52	2.55	1.58	3.81	4.74	5.15	6.36	6.04	7.38	8.51	2.83	2.24	2.00	2.24	2.83	3.61	4.47	5.39	6.32	2.24	1.41	1.00	1.41	2.24	3.16	4.12	5.10	6.08	2.00	1.00	1.00	2.00	3.00	4.00	5.00	6.00	2.24	1.41	1.00	1.41	2.24	3.16	4.12	5.10	6.08	2.83	2.24	2.00	2.24	2.83	3.61	4.47	5.39	6.32	3.61	3.16	3.00	3.16	3.61	4.24	5.00	5.83	6.71	4.47	4.12	4.00	4.12	4.47	5.00	5.66	6.40	7.21	5.39	5.10	5.00	5.10	5.39	5.83	6.40	7.07	7.81	6.32	6.08	6.00	6.08	6.32	6.71	7.21	7.81	8.49
3.54	2.12	5.70	3.54	2.55	5.52	1.58	2.12	2.92	4.53	4.74	5.70	6.52	6.96	7.91	3.61	2.83	2.24	2.00	2.24	2.83	3.61	4.47	5.39	3.16	2.24	1.41	1.00	1.41	2.24	3.16	4.12	5.10	3.00	2.00	1.00	1.00	2.00	3.00	4.00	5.00	3.16	2.24	1.41	1.00	1.41	2.24	3.16	4.12	5.10	3.61	2.83	2.24	2.00	2.24	2.83	3.61	4.47	5.39	4.24	3.61	3.16	3.00	3.16	3.61	4.24	5.00	5.83	5.00	4.47	4.12	4.00	4.12	4.47	5.00	5.66	6.40	5.83	5.39	5.10	5.00	5.10	5.39	5.83	6.40	7.07	6.71	6.32	6.08	6.00	6.08	6.32	6.71	7.21	7.81
4.30	1.58	4.74	4.53	3.54	4.53	0.71	2.92	2.12	4.53	4.53	5.15	7.11	6.67	7.38	4.47	3.61	2.83	2.24	2.00	2.24	2.83	3.61	4.47	4.12	3.16	2.24	1.41	1.00	1.41	2.24	3.16	4.12	4.00	3.00	2.00	1.00	1.00	2.00	3.00	4.00	4.12	3.16	2.24	1.41	1.00	1.41	2.24	3.16	4.12	4.47	3.61	2.83	2.24	2.00	2.24	2.83	3.61	4.47	5.00	4.24	3.61	3.16	3.00	3.16	3.61	4.24	5.00	5.66	5.00	4.47	4.12	4.00	4.12	4.47	5.00	5.66	6.40	5.83	5.39	5.10	5.00	5.10	5.39	5.83	6.40	7.21	6.71	6.32	6.08	6.00	6.08	6.32	6.71	7.21
5.15	1.58	3.81	5.52	4.53	3.54	0.71	3.81	1.58	4.74	4.53	4.74	7.78	6.52	6.96	5.39	4.47	3.61	2.83	2.24	2.00	2.24	2.83	3.61	5.10	4.12	3.16	2.24	1.41	1.00	1.41	2.24	3.16	5.00	4.00	3.00	2.00	1.00	1.00	2.00	3.00	5.10	4.12	3.16	2.24	1.41	1.00	1.41	2.24	3.16	5.39	4.47	3.61	2.83	2.24	2.00	2.24	2.83	3.61	5.83	5.00	4.24	3.61	3.16	3.00	3.16	3.61	4.24	6.40	5.66	5.00	4.47	4.12	4.00	4.12	4.47	5.00	7.07	6.40	5.83	5.39	5.10	5.00	5.10	5.39	5.83	7.81	7.21	6.71	6.32	6.08	6.00	6.08	6.32	6.71
6.04	2.12	2.92	6.52	5.52	2.55	1.58	4.74	1.58	5.15	4.74	4.53	8.51	6.52	6.67	6.32	5.39	4.47	3.61	2.83	2.24	2.00	2.24	2.83	6.08	5.10	4.12	3.16	2.24	1.41	1.00	1.41	2.24	6.00	5.00	4.00	3.00	2.00	1.00	1.00	2.00	6.08	5.10	4.12	3.16	2.24	1.41	1.00	1.41	2.24	6.32	5.39	4.47	3.61	2.83	2.24	2.00	2.24	2.83	6.71	5.83	5.00	4.24	3.61	3.16	3.00	3.16	3.61	7.21	6.40	5.66	5.00	4.47	4.12	4.00	4.12	4.47	7.81	7.07	6.40	5.83	5.39	5.10	5.00	5.10	5.39	8.49	7.81	7.21	6.71	6.32	6.08	6.00	6.08	6.32
6.96	2.92	2.12	7.52	6.52	1.58	2.55	5.70	2.12	5.70	5.15	4.53	9.30	6.67	6.52	7.28	6.32	5.39	4.47	3.61	2.83	2.24	2.00	2.24	7.07	6.08	5.10	4.12	3.16	2.24	1.41	1.00	1.41	7.00	6.00	5.00	4.00	3.00	2.00	1.00	1.00	7.07	6.08	5.10	4.12	3.16	2.24	1.41	1.00	1.41	7.28	6.32	5.39	4.47	3.61	2.83	2.24	2.00	2.24	7.62	6.71	5.83	5.00	4.24	3.61	3.16	3.00	3.16	8.06	7.21	6.40	5.66	5.00	4.47	4.12	4.00	4.12	8.60	7.81	7.07	6.40	5.83	5.39	5.10	5.00	5.10	9.22	8.49	7.81	7.21	6.71	6.32	6.08	6.00	6.08
7.91	3.81	1.58	8.51	7.52	0.71	3.54	6.67	2.92	6.36	5.70	4.74	10.12	6.96	6.52	8.25	7.28	6.32	5.39	4.47	3.61	2.83	2.24	2.00	8.06	7.07	6.08	5.10	4.12	3.16	2.24	1.41	1.00	8.00	7.00	6.00	5.00	4.00	3.00	2.00	1.00	8.06	7.07	6.08	5.10	4.12	3.16	2.24	1.41	1.00	8.25	7.28	6.32	5.39	4.47	3.61	2.83	2.24	2.00	8.54	7.62	6.71	5.83	5.00	4.24	3.61	3.16	3.00	8.94	8.06	7.21	6.40	5.66	5.00	4.47	4.12	4.00	9.43	8.60	7.81	7.07	6.40	5.83	5.39	5.10	5.00	10.00	9.22	8.49	7.81	7.21	6.71	6.32	6.08	6.00
3.54	5.15	8.86	1.58	1.58	8.63	4.53	1.58	5.52	4.95	5.70	7.38	4.53	7.78	9.30	3.00	3.16	3.61	4.24	5.00	5.83	6.71	7.62	8.54	2.00	2.24	2.83	3.61	4.47	5.39	6.32	7.28	8.25	1.00	1.41	2.24	3.16	4.12	5.10	6.08	7.07	8.06	1.00	2.00	3.00	4.00	5.00	6.00	7.00	8.00	1.00	1.41	2.24	3.16	4.12	5.10	6.08	7.07	8.06	2.00	2.24	2.83	3.61	4.47	5.39	6.32	7.28	8.25	3.00	3.16	3.61	4.24	5.00	5.83	6.71	7.62	8.54	4.00	4.12	4.47	5.00	5.66	6.40	7.21	8.06	8.94	5.00	5.10	5.39	5.83	6.40	7.07	7.81	8.60	9.43
3.54	4.30	7.91	2.12	1.58	7.65	3.54	0.71	4.53	4.30	4.95	6.52	4.74	7.11	8.51	3.16	3.00	3.16	3.61	4.24	5.00	5.83	6.71	7.62	2.24	2.00	2.24	2.83	3.61	4.47	5.39	6.32	7.28	1.41	1.00	1.41	2.24	3.16	4.12	5.10	6.08	7.07	1.00	1.00	2.00	3.00	4.00	5.00	6.00	7.00	1.41	1.00	1.41	2.24	3.16	4.12	5.10	6.08	7.07	2.24	2.00	2.24	2.83	3.61	4.47	5.39	6.32	7.28	3.16	3.00	3.16	3.61	4.24	5.00	5.83	6.71	7.62	4.12	4.00	4.12	4.47	5.00	5.66	6.40	7.21	8.06	5.10	5.00	5.10	5.39	5.83	6.40	7.07	7.81	8.60
3.81	3.54	6.96	2.92	2.12	6.67	2.55	0.71	3.54	3.81	4.30	5.70	5.15	6.52	7.78	3.61	3.16	3.00	3.16	3.61	4.24	5.00	5.83	6.71	2.83	2.24	2.00	2.24	2.83	3.61	4.47	5.39	6.32	2.24	1.41	1.00	1.41	2.24	3.16	4.12	5.10	6.08	2.00	1.00	1.00	2.00	3.00	4.00	5.00	6.00	2.24	1.41	1.00	1.41	2.24	3.16	4.12	5.10	6.08	2.83	2.24	2.00	2.24	2.83	3.61	4.47	5.39	6.32	3.61	3.16	3.00	3.16	3.61	4.24	5.00	5.83	6.71	4.47	4.12	4.00	4.12	4.47	5.00	5.66	6.40	7.21	5.39	5.10	5.00	5.10	5.39	5.83	6.40	7.07	7.81
4.30	2.92	6.04	3.81	2.92	5.70	1.58	1.58	2.55	3.54	3.81	4.95	5.70	6.04	7.11	4.24	3.61	3.16	3.00	3.16	3.61	4.24	5.00	5.83	3.61	2.83	2.24	2.00	2.24	2.83	3.61	4.47	5.39	3.16	2.24	1.41	1.00	1.41	2.24	3.16	4.12	5.10	3.00	2.00	1.00	1.00	2.00	3.00	4.00	5.00	3.16	2.24	1.41	1.00	1.41	2.24	3.16	4.12	5.10	3.61	2.83	2.24	2.00	2.24	2.83	3.61	4.47	5.39	4.24	3.61	3.16	3.00	3.16	3.61	4.24	5.00	5.83	5.00	4.47	4.12	4.00	4.12	4.47	5.00	5.66	6.40	5.83	5.39	5.10	5.00	5.10	5.39	5.83	6.40	7.07
4.95	2.55	5.15	4.74	3.81	4.74	0.71	2.55	1.58	3.54	3.54	4.30	6.36	5.70	6.52	5.00	4.24	3.61	3.16	3.00	3.16	3.61	4.24	5.00	4.47	3.61	2.83	2.24	2.00	2.24	2.83	3.61	4.47	4.12	3.16	2.24	1.41	1.00	1.41	2.24	3.16	4.12	4.00	3.00	2.00	1.00	1.00	2.00	3.00	4.00	4.12	3.16	2.24	1.41	1.00	1.41	2.24	3.16	4.12	4.47	3.61	2.83	2.24	2.00	2.24	2.83	3.61	4.47	5.00	4.24	3.61	3.16	3.00	3.16	3.61	4.24	5.00	5.66	5.00	4.47	4.12	4.00	4.12	4.47	5.00	5.66	6.40	5.83	5.39	5.10	5.00	5.10	5.39	5.83	6.40
5.70	2.55	4.30	5.70	4.74	3.81	0.71	3.54	0.71	3.81	3.54	3.81	7.11	5.52	6.04	5.83	5.00	4.24	3.61	3.16	3.00	3.16	3.61	4.24	5.39	4.47	3.61	2.83	2.24	2.00	2.24	2.83	3.61	5.10	4.12	3.16	2.24	1.41	1.00	1.41	2.24	3.16	5.00	4.00	3.00	2.00	1.00	1.00	2.00	3.00	5.10	4.12	3.16	2.24	1.41	1.00	1.41	2.24	3.16	5.39	4.47	3.61	2.83	2.24	2.00	2.24	2.83	3.61	5.83	5.00	4.24	3.61	3.16	3.00	3.16	3.61	4.24	6.40	5.66	5.00	4.47	4.12	4.00	4.12	4.47	5.00	7.07	6.40	5.83	5.39	5.10	5.00	5.10	5.39	5.83
6.52	2.92	3.54	6.67	5.70	2.92	1.58	4.53	0.71	4.30	3.81	3.54	7.91	5.52	5.70	6.71	5.83	5.00	4.24	3.61	3.16	3.00	3.16	3.61	6.32	5.39	4.47	3.61	2.83	2.24	2.00	2.24	2.83	6.08	5.10	4.12	3.16	2.24	1.41	1.00	1.41	2.24	6.00	5.00	4.00	3.00	2.00	1.00	1.00	2.00	6.08	5.10	4.12	3.16	2.24	1.41	1.00	1.41	2.24	6.32	5.39	4.47	3.61	2.83	2.24	2.00	2.24	2.83	6.71	5.83	5.00	4.24	3.61	3.16	3.00	3.16	3.61	7.21	6.40	5.66	5.00	4.47	4.12	4.00	4.12	4.47	7.81	7.07	6.40	5.83	5.39	5.10	5.00	5.10	5.39
7.38	3.54	2.92	7.65	6.67	2.12	2.55	5.52	1.58	4.95	4.30	3.54	8.75	5.70	5.52	7.62	6.71	5.83	5.00	4.24	3.61	3.16	3.00	3.16	7.28	6.32	5.39	4.47	3.61	2.83	2.24	2.00	2.24	7.07	6.08	5.10	4.12	3.16	2.24	1.41	1.00	1.41	7.00	6.00	5.00	4.00	3.00	2.00	1.00	1.00	7.07	6.08	5.10	4.12	3.16	2.24	1.41	1.00	1.41	7.28	6.32	5.39	4.47	3.61	2.83	2.24	2.00	2.24	7.62	6.71	5.83	5.00	4.24	3.61	3.16	3.00	3.16	8.06	7.21	6.40	5.66	5.00	4.47	4.12	4.00	4.12	8.60	7.81	7.07	6.40	5.83	5.39	5.10	5.00	5.10
8.28	4.30	2.55	8.63	7.65	1.58	3.54	6.52	2.55	5.70	4.95	3.81	9.62	6.04	5.52	8.54	7.62	6.71	5.83	5.00	4.24	3.61	3.16	3.00	8.25	7.28	6.32	5.39	4.47	3.61	2.83	2.24	2.00	8.06	7.07	6.08	5.10	4.12	3.16	2.24	1.41	1.00	8.00	7.00	6.00	5.00	4.00	3.00	2.00	1.00	8.06	7.07	6.08	5.10	4.12	3.16	2.24	1.41	1.00	8.25	7.28	6.32	5.39	4.47	3.61	2.83	2.24	2.00	8.54	7.62	6.71	5.83	5.00	4.24	3.61	3.16	3.00	8.94	8.06	7.21	6.40	5.66	5.00	4.47	4.12	4.00	9.43	8.60	7.81	7.07	6.40	5.83	5.39	5.10	5.00
4.53	5.70	9.19	2.55	2.55	8.86	4.74	1.58	5.52	4.30	5.15	6.96	3.54	7.11	8.75	4.00	4.12	4.47	5.00	5.66	6.40	7.21	8.06	8.94	3.00	3.16	3.61	4.24	5.00	5.83	6.71	7.62	8.54	2.00	2.24	2.83	3.61	4.47	5.39	6.32	7.28	8.25	1.00	1.41	2.24	3.16	4.12	5.10	6.08	7.07	8.06	1.00	2.00	3.00	4.00	5.00	6.00	7.00	8.00	1.00	1.41	2.24	3.16	4.12	5.10	6.08	7.07	8.06	2.00	2.24	2.83	3.61	4.47	5.39	6.32	7.28	8.25	3.00	3.16	3.61	4.24	5.00	5.83	6.71	7.62	8.54	4.00	4.12	4.47	5.00	5.66	6.40	7.21	8.06	8.94
4.53	4.95	8.28	2.92	2.55	7.91	3.81	0.71	4.53	3.54	4.30	6.04	3.81	6.36	7.91	4.12	4.00	4.12	4.47	5.00	5.66	6.40	7.21	8.06	3.16	3.00	3.16	3.61	4.24	5.00	5.83	6.71	7.62	2.24	2.00	2.24	2.83	3.61	4.47	5.39	6.32	7.28	1.41	1.00	1.41	2.24	3.16	4.12	5.10	6.08	7.07	1.00	1.00	2.00	3.00	4.00	5.00	6.00	7.00	1.41	1.00	1.41	2.24	3.16	4.12	5.10	6.08	7.07	2.24	2.00	2.24	2.83	3.61	4.47	5.39	6.32	7.28	3.16	3.00	3.16	3.61	4.24	5.00	5.83	6.71	7.62	4.12	4.00	4.12	4.47	5.00	5.66	6.40	7.21	8.06
4.74	4.30	7.38	3.54	2.92	6.96	2.92	0.71	3.54	2.92	3.54	5.15	4.30	5.70	7.11	4.47	4.12	4.00	4.12	4.47	5.00	5.66	6.40	7.21	3.61	3.16	3.00	3.16	3.61	4.24	5.00	5.83	6.71	2.83	2.24	2.00	2.24	2.83	3.61	4.47	5.39	6.32	2.24	1.41	1.00	1.41	2.24	3.16	4.12	5.10	6.08	2.00	1.00	1.00	2.00	3.00	4.00	5.00	6.00	2.24	1.41	1.00	1.41	2.24	3.16	4.12	5.10	6.08	2.83	2.24	2.00	2.24	2.83	3.61	4.47	5.39	6.32	3.61	3.16	3.00	3.16	3.61	4.24	5.00	5.83	6.71	4.47	4.12	4.00	4.12	4.47	5.00	5.66	6.40	7.21
5.15	3.81	6.52	4.30	3.54	6.04	2.12	1.58	2.55	2.55	2.92	4.30	4.95	5.15	6.36	5.00	4.47	4.12	4.00	4.12	4.47	5.00	5.66	6.40	4.24	3.61	3.16	3.00	3.16	3.61	4.24	5.00	5.83	3.61	2.83	2.24	2.00	2.24	2.83	3.61	4.47	5.39	3.16	2.24	1.41	1.00	1.41	2.24	3.16	4.12	5.10	3.00	2.00	1.00	1.00	2.00	3.00	4.00	5.00	3.16	2.24	1.41	1.00	1.41	2.24	3.16	4.12	5.10	3.61	2.83	2.24	2.00	2.24	2.83	3.61	4.47	5.39	4.24	3.61	3.16	3.00	3.16	3.61	4.24	5.00	5.83	5.00	4.47	4.12	4.00	4.12	4.47	5.00	5.66	6.40
5.70	3.54	5.70	5.15	4.30	5.15	1.58	2.55	1.58	2.55	2.55	3.54	5.70	4.74	5.70	5.66	5.00	4.47	4.12	4.00	4.12	4.47	5.00	5.66	5.00	4.24	3.61	3.16	3.00	3.16	3.61	4.24	5.00	4.47	3.61	2.83	2.24	2.00	2.24	2.83	3.61	4.47	4.12	3.16	2.24	1.41	1.00	1.41	2.24	3.16	4.12	4.00	3.00	2.00	1.00	1.00	2.00	3.00	4.00	4.12	3.16	2.24	1.41	1.00	1.41	2.24	3.16	4.12	4.47	3.61	2.83	2.24	2.00	2.24	2.83	3.61	4.47	5.00	4.24	3.61	3.16	3.00	3.16	3.61	4.24	5.00	5.66	5.00	4.47	4.12	4.00	4.12	4.47	5.00	5.66
6.36	3.54	4.95	6.04	5.15	4.30	1.58	3.54	0.71	2.92	2.55	2.92	6.52	4.53	5.15	6.40	5.66	5.00	4.47	4.12	4.00	4.12	4.47	5.00	5.83	5.00	4.24	3.61	3.16	3.00	3.16	3.61	4.24	5.39	4.47	3.61	2.83	2.24	2.00	2.24	2.83	3.61	5.10	4.12	3.16	2.24	1.41	1.00	1.41	2.24	3.16	5.00	4.00	3.00	2.00	1.00	1.00	2.00	3.00	5.10	4.12	3.16	2.24	1.41	1.00	1.41	2.24	3.16	5.39	4.47	3.61	2.83	2.24	2.00	2.24	2.83	3.61	5.83	5.00	4.24	3.61	3.16	3.00	3.16	3.61	4.24	6.40	5.66	5.00	4.47	4.12	4.00	4.12	4.47	5.00
7.11	3.81	4.30	6.96	6.04	3.54	2.12	4.53	0.71	3.54	2.92	2.55	7.38	4.53	4.74	7.21	6.40	5.66	5.00	4.47	4.12	4.00	4.12	4.47	6.71	5.83	5.00	4.24	3.61	3.16	3.00	3.16	3.61	6.32	5.39	4.47	3.61	2.83	2.24	2.00	2.24	2.83	6.08	5.10	4.12	3.16	2.24	1.41	1.00	1.41	2.24	6.00	5.00	4.00	3.00	2.00	1.00	1.00	2.00	6.08	5.10	4.12	3.16	2.24	1.41	1.00	1.41	2.24	6.32	5.39	4.47	3.61	2.83	2.24	2.00	2.24	2.83	6.71	5.83	5.00	4.24	3.61	3.16	3.00	3.16	3.61	7.21	6.40	5.66	5.00	4.47	4.12	4.00	4.12	4.47
7.91	4.30	3.81	7.91	6.96	2.92	2.92	5.52	1.58	4.30	3.54	2.55	8.28	4.74	4.53	8.06	7.21	6.40	5.66	5.00	4.47	4.12	4.00	4.12	7.62	6.71	5.83	5.00	4.24	3.61	3.16	3.00	3.16	7.28	6.32	5.39	4.47	3.61	2.83	2.24	2.00	2.24	7.07	6.08	5.10	4.12	3.16	2.24	1.41	1.00	1.41	7.00	6.00	5.00	4.00	3.00	2.00	1.00	1.00	7.07	6.08	5.10	4.12	3.16	2.24	1.41	1.00	1.41	7.28	6.32	5.39	4.47	3.61	2.83	2.24	2.00	2.24	7.62	6.71	5.83	5.00	4.24	3.61	3.16	3.00	3.16	8.06	7.21	6.40	5.66	5.00	4.47	4.12	4.00	4.12
8.75	4.95	3.54	8.86	7.91	2.55	3.81	6.52	2.55	5.15	4.30	2.92	9.19	5.15	4.53	8.94	8.06	7.21	6.40	5.66	5.00	4.47	4.12	4.00	8.54	7.62	6.71	5.83	5.00	4.24	3.61	3.16	3.00	8.25	7.28	6.32	5.39	4.47	3.61	2.83	2.24	2.00	8.06	7.07	6.08	5.10	4.12	3.16	2.24	1.41	1.00	8.00	7.00	6.00	5.00	4.00	3.00	2.00	1.00	8.06	7.07	6.08	5.10	4.12	3.16	2.24	1.41	1.00	8.25	7.28	6.32	5.39	4.47	3.61	2.83	2.24	2.00	8.54	7.62	6.71	5.83	5.00	4.24	3.61	3.16	3.00	8.94	8.06	7.21	6.40	5.66	5.00	4.47	4.12	4.00
5.52	6.36	9.62	3.54	3.54	9.19	5.15	2.12	5.70	3.81	4.74	6.67	2.55	6.52	8.28	5.00	5.10	5.39	5.83	6.40	7.07	7.81	8.60	9.43	4.00	4.12	4.47	5.00	5.66	6.40	7.21	8.06	8.94	3.00	3.16	3.61	4.24	5.00	5.83	6.71	7.62	8.54	2.00	2.24	2.83	3.61	4.47	5.39	6.32	7.28	8.25	1.00	1.41	2.24	3.16	4.12	5.10	6.08	7.07	8.06	1.00	2.00	3.00	4.00	5.00	6.00	7.00	8.00	1.00	1.41	2.24	3.16	4.12	5.10	6.08	7.07	8.06	2.00	2.24	2.83	3.61	4.47	5.39	6.32	7.28	8.25	3.00	3.16	3.61	4.24	5.00	5.83	6.71	7.62	8.54
5.52	5.70	8.75	3.81	3.54	8.28	4.30	1.58	4.74	2.92	3.81	5.70	2.92	5.70	7.38	5.10	5.00	5.10	5.39	5.83	6.40	7.07	7.81	8.60	4.12	4.00	4.12	4.47	5.00	5.66	6.40	7.21	8.06	3.16	3.00	3.16	3.61	4.24	5.00	5.83	6.71	7.62	2.24	2.00	2.24	2.83	3.61	4.47	5.39	6.32	7.28	1.41	1.00	1.41	2.24	3.16	4.12	5.10	6.08	7.07	1.00	1.00	2.00	3.00	4.00	5.00	6.00	7.00	1.41	1.00	1.41	2.24	3.16	4.12	5.10	6.08	7.07	2.24	2.00	2.24	2.83	3.61	4.47	5.39	6.32	7.28	3.16	3.00	3.16	3.61	4.24	5.00	5.83	6.71	7.62
5.70	5.15	7.91	4.30	3.81	7.38	3.54	1.58	3.81	2.12	2.92	4.74	3.54	4.95	6.52	5.39	5.10	5.00	5.10	5.39	5.83	6.40	7.07	7.81	4.47	4.12	4.00	4.12	4.47	5.00	5.66	6.40	7.21	3.61	3.16	3.00	3.16	3.61	4.24	5.00	5.83	6.71	2.83	2.24	2.00	2.24	2.83	3.61	4.47	5.39	6.32	2.24	1.41	1.00	1.41	2.24	3.16	4.12	5.10	6.08	2.00	1.00	1.00	2.00	3.00	4.00	5.00	6.00	2.24	1.41	1.00	1.41	2.24	3.16	4.12	5.10	6.08	2.83	2.24	2.00	2.24	2.83	3.61	4.47	5.39	6.32	3.61	3.16	3.00	3.16	3.61	4.24	5.00	5.83	6.71
6.04	4.74	7.11	4.95	4.30	6.52	2.92	2.12	2.92	1.58	2.12	3.81	4.30	4.30	5.70	5.83	5.39	5.10	5.00	5.10	5.39	5.83	6.40	7.07	5.00	4.47	4.12	4.00	4.12	4.47	5.00	5.66	6.40	4.24	3.61	3.16	3.00	3.16	3.61	4.24	5.00	5.83	3.61	2.83	2.24	2.00	2.24	2.83	3.61	4.47	5.39	3.16	2.24	1.41	1.00	1.41	2.24	3.16	4.12	5.10	3.00	2.00	1.00	1.00	2.00	3.00	4.00	5.00	3.16	2.24	1.41	1.00	1.41	2.24	3.16	4.12	5.10	3.61	2.83	2.24	2.00	2.24	2.83	3.61	4.47	5.39	4.24	3.61	3.16	3.00	3.16	3.61	4.24	5.00	5.83
6.52	4.53	6.36	5.70	4.95	5.70	2.55	2.92	2.12	1.58	1.58	2.92	5.15	3.81	4.95	6.40	5.83	5.39	5.10	5.00	5.10	5.39	5.83	6.40	5.66	5.00	4.47	4.12	4.00	4.12	4.47	5.00	5.66	5.00	4.24	3.61	3.16	3.00	3.16	3.61	4.24	5.00	4.47	3.61	2.83	2.24	2.00	2.24	2.83	3.61	4.47	4.12	3.16	2.24	1.41	1.00	1.41	2.24	3.16	4.12	4.00	3.00	2.00	1.00	1.00	2.00	3.00	4.00	4.12	3.16	2.24	1.41	1.00	1.41	2.24	3.16	4.12	4.47	3.61	2.83	2.24	2.00	2.24	2.83	3.61	4.47	5.00	4.24	3.61	3.16	3.00	3.16	3.61	4.24	5.00
7.11	4.53	5.70	6.52	5.70	4.95	2.55	3.81	1.58	2.12	1.58	2.12	6.04	3.54	4.30	7.07	6.40	5.83	5.39	5.10	5.00	5.10	5.39	5.83	6.40	5.66	5.00	4.47	4.12	4.00	4.12	4.47	5.00	5.83	5.00	4.24	3.61	3.16	3.00	3.16	3.61	4.24	5.39	4.47	3.61	2.83	2.24	2.00	2.24	2.83	3.61	5.10	4.12	3.16	2.24	1.41	1.00	1.41	2.24	3.16	5.00	4.00	3.00	2.00	1.00	1.00	2.00	3.00	5.10	4.12	3.16	2.24	1.41	1.00	1.41	2.24	3.16	5.39	4.47	3.61	2.83	2.24	2.00	2.24	2.83	3.61	5.83	5.00	4.24	3.61	3.16	3.00	3.16	3.61	4.24
7.78	4.74	5.15	7.38	6.52	4.30	2.92	4.74	1.58	2.92	2.12	1.58	6.96	3.54	3.81	7.81	7.07	6.40	5.83	5.39	5.10	5.00	5.10	5.39	7.21	6.40	5.66	5.00	4.47	4.12	4.00	4.12	4.47	6.71	5.83	5.00	4.24	3.61	3.16	3.00	3.16	3.61	6.32	5.39	4.47	3.61	2.83	2.24	2.00	2.24	2.83	6.08	5.10	4.12	3.16	2.24	1.41	1.00	1.41	2.24	6.00	5.00	4.00	3.00	2.00	1.00	1.00	2.00	6.08	5.10	4.12	3.16	2.24	1.41	1.00	1.41	2.24	6.32	5.39	4.47	3.61	2.83	2.24	2.00	2.24	2.83	6.71	5.83	5.00	4.24	3.61	3.16	3.00	3.16	3.61
8.51	5.15	4.74	8.28	7.38	3.81	3.54	5.70	2.12	3.81	2.92	1.58	7.91	3.81	3.54	8.60	7.81	7.07	6.40	5.83	5.39	5.10	5.00	5.10	8.06	7.21	6.40	5.66	5.00	4.47	4.12	4.00	4.12	7.62	6.71	5.83	5.00	4.24	3.61	3.16	3.00	3.16	7.28	6.32	5.39	4.47	3.61	2.83	2.24	2.00	2.24	7.07	6.08	5.10	4.12	3.16	2.24	1.41	1.00	1.41	7.00	6.00	5.00	4.00	3.00	2.00	1.00	1.00	7.07	6.08	5.10	4.12	3.16	2.24	1.41	1.00	1.41	7.28	6.32	5.39	4.47	3.61	2.83	2.24	2.00	2.24	7.62	6.71	5.83	5.00	4.24	3.61	3.16	3.00	3.16
9.30	5.70	4.53	9.19	8.28	3.54	4.30	6.67	2.92	4.74	3.81	2.12	8.86	4.30	3.54	9.43	8.60	7.81	7.07	6.40	5.83	5.39	5.10	5.00	8.94	8.06	7.21	6.40	5.66	5.00	4.47	4.12	4.00	8.54	7.62	6.71	5.83	5.00	4.24	3.61	3.16	3.00	8.25	7.28	6.32	5.39	4.47	3.61	2.83	2.24	2.00	8.06	7.07	6.08	5.10	4.12	3.16	2.24	1.41	1.00	8.00	7.00	6.00	5.00	4.00	3.00	2.00	1.00	8.06	7.07	6.08	5.10	4.12	3.16	2.24	1.41	1.00	8.25	7.28	6.32	5.39	4.47	3.61	2.83	2.24	2.00	8.54	7.62	6.71	5.83	5.00	4.24	3.61	3.16	3.00
6.52	7.11	10.12	4.53	4.53	9.62	5.70	2.92	6.04	3.54	4.53	6.52	1.58	6.04	7.91	6.00	6.08	6.32	6.71	7.21	7.81	8.49	9.22	10.00	5.00	5.10	5.39	5.83	6.40	7.07	7.81	8.60	9.43	4.00	4.12	4.47	5.00	5.66	6.40	7.21	8.06	8.94	3.00	3.16	3.61	4.24	5.00	5.83	6.71	7.62	8.54	2.00	2.24	2.83	3.61	4.47	5.39	6.32	7.28	8.25	1.00	1.41	2.24	3.16	4.12	5.10	6.08	7.07	8.06	1.00	2.00	3.00	4.00	5.00	6.00	7.00	8.00	1.00	1.41	2.24	3.16	4.12	5.10	6.08	7.07	8.06	2.00	2.24	2.83	3.61	4.47	5.39	6.32	7.28	8.25
6.52	6.52	9.30	4.74	4.53	8.75	4.95	2.55	5.15	2.55	3.54	5.52	2.12	5.15	6.96	6.08	6.00	6.08	6.32	6.71	7.21	7.81	8.49	9.22	5.10	5.00	5.10	5.39	5.83	6.40	7.07	7.81	8.60	4.12	4.00	4.12	4.47	5.00	5.66	6.40	7.21	8.06	3.16	3.00	3.16	3.61	4.24	5.00	5.83	6.71	7.62	2.24	2.00	2.24	2.83	3.61	4.47	5.39	6.32	7.28	1.41	1.00	1.41	2.24	3.16	4.12	5.10	6.08	7.07	1.00	1.00	2.00	3.00	4.00	5.00	6.00	7.00	1.41	1.00	1.41	2.24	3.16	4.12	5.10	6.08	7.07	2.24	2.00	2.24	2.83	3.61	4.47	5.39	6.32	7.28
6.67	6.04	8.51	5.15	4.74	7.91	4.30	2.55	4.30	1.58	2.55	4.53	2.92	4.30	6.04	6.32	6.08	6.00	6.08	6.32	6.71	7.21	7.81	8.49	5.39	5.10	5.00	5.10	5.39	5.83	6.40	7.07	7.81	4.47	4.12	4.00	4.12	4.47	5.00	5.66	6.40	7.21	3.61	3.16	3.00	3.16	3.61	4.24	5.00	5.83	6.71	2.83	2.24	2.00	2.24	2.83	3.61	4.47	5.39	6.32	2.24	1.41	1.00	1.41	2.24	3.16	4.12	5.10	6.08	2.00	1.00	1.00	2.00	3.00	4.00	5.00	6.00	2.24	1.41	1.00	1.41	2.24	3.16	4.12	5.10	6.08	2.83	2.24	2.00	2.24	2.83	3.61	4.47	5.39	6.32
6.96	5.70	7.78	5.70	5.15	7.11	3.81	2.92	3.54	0.71	1.58	3.54	3.81	3.54	5.15	6.71	6.32	6.08	6.00	6.08	6.32	6.71	7.21	7.81	5.83	5.39	5.10	5.00	5.10	5.39	5.83	6.40	7.07	5.00	4.47	4.12	4.00	4.12	4.47	5.00	5.66	6.40	4.24	3.61	3.16	3.00	3.16	3.61	4.24	5.00	5.83	3.61	2.83	2.24	2.00	2.24	2.83	3.61	4.47	5.39	3.16	2.24	1.41	1.00	1.41	2.24	3.16	4.12	5.10	3.00	2.00	1.00	1.00	2.00	3.00	4.00	5.00	3.16	2.24	1.41	1.00	1.41	2.24	3.16	4.12	5.10	3.61	2.83	2.24	2.00	2.24	2.83	3.61	4.47	5.39
7.38	5.52	7.11	6.36	5.70	6.36	3.54	3.54	2.92	0.71	0.71	2.55	4.74	2.92	4.30	7.21	6.71	6.32	6.08	6.00	6.08	6.32	6.71	7.21	6.40	5.83	5.39	5.10	5.00	5.10	5.39	5.83	6.40	5.66	5.00	4.47	4.12	4.00	4.12	4.47	5.00	5.66	5.00	4.24	3.61	3.16	3.00	3.16	3.61	4.24	5.00	4.47	3.61	2.83	2.24	2.00	2.24	2.83	3.61	4.47	4.12	3.16	2.24	1.41	1.00	1.41	2.24	3.16	4.12	4.00	3.00	2.00	1.00	1.00	2.00	3.00	4.00	4.12	3.16	2.24	1.41	1.00	1.41	2.24	3.16	4.12	4.47	3.61	2.83	2.24	2.00	2.24	2.83	3.61	4.47
7.91	5.52	6.52	7.11	6.36	5.70	3.54	4.30	2.55	1.58	0.71	1.58	5.70	2.55	3.54	7.81	7.21	6.71	6.32	6.08	6.00	6.08	6.32	6.71	7.07	6.40	5.83	5.39	5.10	5.00	5.10	5.39	5.83	6.40	5.66	5.00	4.47	4.12	4.00	4.12	4.47	5.00	5.83	5.00	4.24	3.61	3.16	3.00	3.16	3.61	4.24	5.39	4.47	3.61	2.83	2.24	2.00	2.24	2.83	3.61	5.10	4.12	3.16	2.24	1.41	1.00	1.41	2.24	3.16	5.00	4.00	3.00	2.00	1.00	1.00	2.00	3.00	5.10	4.12	3.16	2.24	1.41	1.00	1.41	2.24	3.16	5.39	4.47	3.61	2.83	2.24	2.00	2.24	2.83	3.61
8.51	5.70	6.04	7.91	7.11	5.15	3.81	5.15	2.55	2.55	1.58	0.71	6.67	2.55	2.92	8.49	7.81	7.21	6.71	6.32	6.08	6.00	6.08	6.32	7.81	7.07	6.40	5.83	5.39	5.10	5.00	5.10	5.39	7.21	6.40	5.66	5.00	4.47	4.12	4.00	4.12	4.47	6.71	5.83	5.00	4.24	3.61	3.16	3.00	3.16	3.61	6.32	5.39	4.47	3.61	2.83	2.24	2.00	2.24	2.83	6.08	5.10	4.12	3.16	2.24	1.41	1.00	1.41	2.24	6.00	5.00	4.00	3.00	2.00	1.00	1.00	2.00	6.08	5.10	4.12	3.16	2.24	1.41	1.00	1.41	2.24	6.32	5.39	4.47	3.61	2.83	2.24	2.00	2.24	2.83
9.19	6.04	5.70	8.75	7.91	4.74	4.30	6.04	2.92	3.54	2.55	0.71	7.65	2.92	2.55	9.22	8.49	7.81	7.21	6.71	6.32	6.08	6.00	6.08	8.60	7.81	7.07	6.40	5.83	5.39	5.10	5.00	5.10	8.06	7.21	6.40	5.66	5.00	4.47	4.12	4.00	4.12	7.62	6.71	5.83	5.00	4.24	3.61	3.16	3.00	3.16	7.28	6.32	5.39	4.47	3.61	2.83	2.24	2.00	2.24	7.07	6.08	5.10	4.12	3.16	2.24	1.41	1.00	1.41	7.00	6.00	5.00	4.00	3.00	2.00	1.00	1.00	7.07	6.08	5.10	4.12	3.16	2.24	1.41	1.00	1.41	7.28	6.32	5.39	4.47	3.61	2.83	2.24	2.00	2.24
9.92	6.52	5.52	9.62	8.75	4.53	4.95	6.96	3.54	4.53	3.54	1.58	8.63	3.54	2.55	10.00	9.22	8.49	7.81	7.21	6.71	6.32	6.08	6.00	9.43	8.60	7.81	7.07	6.40	5.83	5.39	5.10	5.00	8.94	8.06	7.21	6.40	5.66	5.00	4.47	4.12	4.00	8.54	7.62	6.71	5.83	5.00	4.24	3.61	3.16	3.00	8.25	7.28	6.32	5.39	4.47	3.61	2.83	2.24	2.00	8.06	7.07	6.08	5.10	4.12	3.16	2.24	1.41	1.00	8.00	7.00	6.00	5.00	4.00	3.00	2.00	1.00	8.06	7.07	6.08	5.10	4.12	3.16	2.24	1.41	1.00	8.25	7.28	6.32	5.39	4.47	3.61	2.83	2.24	2.00
7.52	7.91	10.70	5.52	5.52	10.12	6.36	3.81	6.52	3.54	4.53	6.52	0.71	5.70	7.65	7.00	7.07	7.28	7.62	8.06	8.60	9.22	9.90	10.63	6.00	6.08	6.32	6.71	7.21	7.81	8.49	9.22	10.00	5.00	5.10	5.39	5.83	6.40	7.07	7.81	8.60	9.43	4.00	4.12	4.47	5.00	5.66	6.40	7.21	8.06	8.94	3.00	3.16	3.61	4.24	5.00	5.83	6.71	7.62	8.54	2.00	2.24	2.83	3.61	4.47	5.39	6.32	7.28	8.25	1.00	1.41	2.24	3.16	4.12	5.10	6.08	7.07	8.06	1.00	2.00	3.00	4.00	5.00	6.00	7.00	8.00	1.00	1.41	2.24	3.16	4.12	5.10	6.08	7.07	8.06
7.52	7.38	9.92	5.70	5.52	9.30	5.70	3.54	5.70	2.55	3.54	5.52	1.58	4.74	6.67	7.07	7.00	7.07	7.28	7.62	8.06	8.60	9.22	9.90	6.08	6.00	6.08	6.32	6.71	7.21	7.81	8.49	9.22	5.10	5.00	5.10	5.39	5.83	6.40	7.07	7.81	8.60	4.12	4.00	4.12	4.47	5.00	5.66	6.40	7.21	8.06	3.16	3.00	3.16	3.61	4.24	5.00	5.83	6.71	7.62	2.24	2.00	2.24	2.83	3.61	4.47	5.39	6.32	7.28	1.41	1.00	1.41	2.24	3.16	4.12	5.10	6.08	7.07	1.00	1.00	2.00	3.00	4.00	5.00	6.00	7.00	1.41	1.00	1.41	2.24	3.16	4.12	5.10	6.08	7.07
7.65	6.96	9.19	6.04	5.70	8.51	5.15	3.54	4.95	1.58	2.55	4.53	2.55	3.81	5.70	7.28	7.07	7.00	7.07	7.28	7.62	8.06	8.60	9.22	6.32	6.08	6.00	6.08	6.32	6.71	7.21	7.81	8.49	5.39	5.10	5.00	5.10	5.39	5.83	6.40	7.07	7.81	4.47	4.12	4.00	4.12	4.47	5.00	5.66	6.40	7.21	3.61	3.16	3.00	3.16	3.61	4.24	5.00	5.83	6.71	2.83	2.24	2.00	2.24	2.83	3.61	4.47	5.39	6.32	2.24	1.41	1.00	1.41	2.24	3.16	4.12	5.10	6.08	2.00	1.00	1.00	2.00	3.00	4.00	5.00	6.00	2.24	1.41	1.00	1.41	2.24	3.16	4.12	5.10	6.08
7.91	6.67	8.51	6.52	6.04	7.78	4.74	3.81	4.30	0.71	1.58	3.54	3.54	2.92	4.74	7.62	7.28	7.07	7.00	7.07	7.28	7.62	8.06	8.60	6.71	6.32	6.08	6.00	6.08	6.32	6.71	7.21	7.81	5.83	5.39	5.10	5.00	5.10	5.39	5.83	6.40	7.07	5.00	4.47	4.12	4.00	4.12	4.47	5.00	5.66	6.40	4.24	3.61	3.16	3.00	3.16	3.61	4.24	5.00	5.83	3.61	2.83	2.24	2.00	2.24	2.83	3.61	4.47	5.39	3.16	2.24	1.41	1.00	1.41	2.24	3.16	4.12	5.10	3.00	2.00	1.00	1.00	2.00	3.00	4.00	5.00	3.16	2.24	1.41	1.00	1.41	2.24	3.16	4.12	5.10
8.28	6.52	7.91	7.11	6.52	7.11	4.53	4.30	3.81	0.71	0.71	2.55	4.53	2.12	3.81	8.06	7.62	7.28	7.07	7.00	7.07	7.28	7.62	8.06	7.21	6.71	6.32	6.08	6.00	6.08	6.32	6.71	7.21	6.40	5.83	5.39	5.10	5.00	5.10	5.39	5.83	6.40	5.66	5.00	4.47	4.12	4.00	4.12	4.47	5.00	5.66	5.00	4.24	3.61	3.16	3.00	3.16	3.61	4.24	5.00	4.47	3.61	2.83	2.24	2.00	2.24	2.83	3.61	4.47	4.12	3.16	2.24	1.41	1.00	1.41	2.24	3.16	4.12	4.00	3.00	2.00	1.00	1.00	2.00	3.00	4.00	4.12	3.16	2.24	1.41	1.00	1.41	2.24	3.16	4.12
8.75	6.52	7.38	7.78	7.11	6.52	4.53	4.95	3.54	1.58	0.71	1.58	5.52	1.58	2.92	8.60	8.06	7.62	7.28	7.07	7.00	7.07	7.28	7.62	7.81	7.21	6.71	6.32	6.08	6.00	6.08	6.32	6.71	7.07	6.40	5.83	5.39	5.10	5.00	5.10	5.39	5.83	6.40	5.66	5.00	4.47	4.12	4.00	4.12	4.47	5.00	5.83	5.00	4.24	3.61	3.16	3.00	3.16	3.61	4.24	5.39	4.47	3.61	2.83	2.24	2.00	2.24	2.83	3.61	5.10	4.12	3.16	2.24	1.41	1.00	1.41	2.24	3.16	5.00	4.00	3.00	2.00	1.00	1.00	2.00	3.00	5.10	4.12	3.16	2.24	1.41	1.00	1.41	2.24	3.16
9.30	6.67	6.96	8.51	7.78	6.04	4.74	5.70	3.54	2.55	1.58	0.71	6.52	1.58	2.12	9.22	8.60	8.06	7.62	7.28	7.07	7.00	7.07	7.28	8.49	7.81	7.21	6.71	6.32	6.08	6.00	6.08	6.32	7.81	7.07	6.40	5.83	5.39	5.10	5.00	5.10	5.39	7.21	6.40	5.66	5.00	4.47	4.12	4.00	4.12	4.47	6.71	5.83	5.00	4.24	3.61	3.16	3.00	3.16	3.61	6.32	5.39	4.47	3.61	2.83	2.24	2.00	2.24	2.83	6.08	5.10	4.12	3.16	2.24	1.41	1.00	1.41	2.24	6.00	5.00	4.00	3.00	2.00	1.00	1.00	2.00	6.08	5.10	4.12	3.16	2.24	1.41	1.00	1.41	2.24
9.92	6.96	6.67	9.30	8.51	5.70	5.15	6.52	3.81	3.54	2.55	0.71	7.52	2.12	1.58	9.90	9.22	8.60	8.06	7.62	7.28	7.07	7.00	7.07	9.22	8.49	7.81	7.21	6.71	6.32	6.08	6.00	6.08	8.60	7.81	7.07	6.40	5.83	5.39	5.10	5.00	5.10	8.06	7.21	6.40	5.66	5.00	4.47	4.12	4.00	4.12	7.62	6.71	5.83	5.00	4.24	3.61	3.16	3.00	3.16	7.28	6.32	5.39	4.47	3.61	2.83	2.24	2.00	2.24	7.07	6.08	5.10	4.12	3.16	2.24	1.41	1.00	1.41	7.00	6.00	5.00	4.00	3.00	2.00	1.00	1.00	7.07	6.08	5.10	4.12	3.16	2.24	1.41	1.00	1.41
10.61	7.38	6.52	10.12	9.30	5.52	5.70	7.38	4.30	4.53	3.54	1.58	8.51	2.92	1.58	10.63	9.90	9.22	8.60	8.06	7.62	7.28	7.07	7.00	10.00	9.22	8.49	7.81	7.21	6.71	6.32	6.08	6.00	9.43	8.60	7.81	7.07	6.40	5.83	5.39	5.10	5.00	8.94	8.06	7.21	6.40	5.66	5.00	4.47	4.12	4.00	8.54	7.62	6.71	5.83	5.00	4.24	3.61	3.16	3.00	8.25	7.28	6.32	5.39	4.47	3.61	2.83	2.24	2.00	8.06	7.07	6.08	5.10	4.12	3.16	2.24	1.41	1.00	8.00	7.00	6.00	5.00	4.00	3.00	2.00	1.00	8.06	7.07	6.08	5.10	4.12	3.16	2.24	1.41	1.00
8.51	8.75	11.34	6.52	6.52	10.70	7.11	4.74	7.11	3.81	4.74	6.67	0.71	5.52	7.52	8.00	8.06	8.25	8.54	8.94	9.43	10.00	10.63	11.31	7.00	7.07	7.28	7.62	8.06	8.60	9.22	9.90	10.63	6.00	6.08	6.32	6.71	7.21	7.81	8.49	9.22	10.00	5.00	5.10	5.39	5.83	6.40	7.07	7.81	8.60	9.43	4.00	4.12	4.47	5.00	5.66	6.40	7.21	8.06	8.94	3.00	3.16	3.61	4.24	5.00	5.83	6.71	7.62	8.54	2.00	2.24	2.83	3.61	4.47	5.39	6.32	7.28	8.25	1.00	1.41	2.24	3.16	4.12	5.10	6.08	7.07	8.06	1.00	2.00	3.00	4.00	5.00	6.00	7.00	8.00
8.51	8.28	10.61	6.67	6.52	9.92	6.52	4.53	6.36	2.92	3.81	5.70	1.58	4.53	6.52	8.06	8.00	8.06	8.25	8.54	8.94	9.43	10.00	10.63	7.07	7.00	7.07	7.28	7.62	8.06	8.60	9.22	9.90	6.08	6.00	6.08	6.32	6.71	7.21	7.81	8.49	9.22	5.10	5.00	5.10	5.39	5.83	6.40	7.07	7.81	8.60	4.12	4.00	4.12	4.47	5.00	5.66	6.40	7.21	8.06	3.16	3.00	3.16	3.61	4.24	5.00	5.83	6.71	7.62	2.24	2.00	2.24	2.83	3.61	4.47	5.39	6.32	7.28	1.41	1.00	1.41	2.24	3.16	4.12	5.10	6.08	7.07	1.00	1.00	2.00	3.00	4.00	5.00	6.00	7.00
8.63	7.91	9.92	6.96	6.67	9.19	6.04	4.53	5.70	2.12	2.92	4.74	2.55	3.54	5.52	8.25	8.06	8.00	8.06	8.25	8.54	8.94	9.43	10.00	7.28	7.07	7.00	7.07	7.28	7.62	8.06	8.60	9.22	6.32	6.08	6.00	6.08	6.32	6.71	7.21	7.81	8.49	5.39	5.10	5.00	5.10	5.39	5.83	6.40	7.07	7.81	4.47	4.12	4.00	4.12	4.47	5.00	5.66	6.40	7.21	3.61	3.16	3.00	3.16	3.61	4.24	5.00	5.83	6.71	2.83	2.24	2.00	2.24	2.83	3.61	4.47	5.39	6.32	2.24	1.41	1.00	1.41	2.24	3.16	4.12	5.10	6.08	2.00	1.00	1.00	2.00	3.00	4.00	5.00	6.00
8.86	7.65	9.30	7.38	6.96	8.51	5.70	4.74	5.15	1.58	2.12	3.81	3.54	2.55	4.53	8.54	8.25	8.06	8.00	8.06	8.25	8.54	8.94	9.43	7.62	7.28	7.07	7.00	7.07	7.28	7.62	8.06	8.60	6.71	6.32	6.08	6.00	6.08	6.32	6.71	7.21	7.81	5.83	5.39	5.10	5.00	5.10	5.39	5.83	6.40	7.07	5.00	4.47	4.12	4.00	4.12	4.47	5.00	5.66	6.40	4.24	3.61	3.16	3.00	3.16	3.61	4.24	5.00	5.83	3.61	2.83	2.24	2.00	2.24	2.83	3.61	4.47	5.39	3.16	2.24	1.41	1.00	1.41	2.24	3.16	4.12	5.10	3.00	2.00	1.00	1.00	2.00	3.00	4.00	5.00
9.19	7.52	8.75	7.91	7.38	7.91	5.52	5.15	4.74	1.58	1.58	2.92	4.53	1.58	3.54	8.94	8.54	8.25	8.06	8.00	8.06	8.25	8.54	8.94	8.06	7.62	7.28	7.07	7.00	7.07	7.28	7.62	8.06	7.21	6.71	6.32	6.08	6.00	6.08	6.32	6.71	7.21	6.40	5.83	5.39	5.10	5.00	5.10	5.39	5.83	6.40	5.66	5.00	4.47	4.12	4.00	4.12	4.47	5.00	5.66	5.00	4.24	3.61	3.16	3.00	3.16	3.61	4.24	5.00	4.47	3.61	2.83	2.24	2.00	2.24	2.83	3.61	4.47	4.12	3.16	2.24	1.41	1.00	1.41	2.24	3.16	4.12	4.00	3.00	2.00	1.00	1.00	2.00	3.00	4.00
9.62	7.52	8.28	8.51	7.91	7.38	5.52	5.70	4.53	2.12	1.58	2.12	5.52	0.71	2.55	9.43	8.94	8.54	8.25	8.06	8.00	8.06	8.25	8.54	8.60	8.06	7.62	7.28	7.07	7.00	7.07	7.28	7.62	7.81	7.21	6.71	6.32	6.08	6.00	6.08	6.32	6.71	7.07	6.40	5.83	5.39	5.10	5.00	5.10	5.39	5.83	6.40	5.66	5.00	4.47	4.12	4.00	4.12	4.47	5.00	5.83	5.00	4.24	3.61	3.16	3.00	3.16	3.61	4.24	5.39	4.47	3.61	2.83	2.24	2.00	2.24	2.83	3.61	5.10	4.12	3.16	2.24	1.41	1.00	1.41	2.24	3.16	5.00	4.00	3.00	2.00	1.00	1.00	2.00	3.00
10.12	7.65	7.91	9.19	8.51	6.96	5.70	6.36	4.53	2.92	2.12	1.58	6.52	0.71	1.58	10.00	9.43	8.94	8.54	8.25	8.06	8.00	8.06	8.25	9.22	8.60	8.06	7.62	7.28	7.07	7.00	7.07	7.28	8.49	7.81	7.21	6.71	6.32	6.08	6.00	6.08	6.32	7.81	7.07	6.40	5.83	5.39	5.10	5.00	5.10	5.39	7.21	6.40	5.66	5.00	4.47	4.12	4.00	4.12	4.47	6.71	5.83	5.00	4.24	3.61	3.16	3.00	3.16	3.61	6.32	5.39	4.47	3.61	2.83	2.24	2.00	2.24	2.83	6.08	5.10	4.12	3.16	2.24	1.41	1.00	1.41	2.24	6.00	5.00	4.00	3.00	2.00	1.00	1.00	2.00
10.70	7.91	7.65	9.92	9.19	6.67	6.04	7.11	4.74	3.81	2.92	1.58	7.52	1.58	0.71	10.63	10.00	9.43	8.94	8.54	8.25	8.06	8.00	8.06	9.90	9.22	8.60	8.06	7.62	7.28	7.07	7.00	7.07	9.22	8.49	7.81	7.21	6.71	6.32	6.08	6.00	6.08	8.60	7.81	7.07	6.40	5.83	5.39	5.10	5.00	5.10	8.06	7.21	6.40	5.66	5.00	4.47	4.12	4.00	4.12	7.62	6.71	5.83	5.00	4.24	3.61	3.16	3.00	3.16	7.28	6.32	5.39	4.47	3.61	2.83	2.24	2.00	2.24	7.07	6.08	5.10	4.12	3.16	2.24	1.41	1.00	1.41	7.00	6.00	5.00	4.00	3.00	2.00	1.00	1.00
11.34	8.28	7.52	10.70	9.92	6.52	6.52	7.91	5.15	4.74	3.81	2.12	8.51	2.55	0.71	11.31	10.63	10.00	9.43	8.94	8.54	8.25	8.06	8.00	10.63	9.90	9.22	8.60	8.06	7.62	7.28	7.07	7.00	10.00	9.22	8.49	7.81	7.21	6.71	6.32	6.08	6.00	9.43	8.60	7.81	7.07	6.40	5.83	5.39	5.10	5.00	8.94	8.06	7.21	6.40	5.66	5.00	4.47	4.12	4.00	8.54	7.62	6.71	5.83	5.00	4.24	3.61	3.16	3.00	8.25	7.28	6.32	5.39	4.47	3.61	2.83	2.24	2.00	8.06	7.07	6.08	5.10	4.12	3.16	2.24	1.41	1.00	8.00	7.00	6.00	5.00	4.00	3.00	2.00	1.00
];
