121 10 2 3 100
2 35 1 5
150 20 0 6

0 6 3 4 5 14 15 16 
1 4 108 109 119 120 
2 4 9 10 20 21 
3 9 4 5 6 15 16 17 26 27 28 
4 9 15 16 17 26 27 28 37 38 39 
5 9 26 27 28 37 38 39 48 49 50 
6 9 33 34 35 44 45 46 55 56 57 
7 9 36 37 38 47 48 49 58 59 60 
8 9 38 39 40 49 50 51 60 61 62 
9 9 50 51 52 61 62 63 72 73 74 
10 9 55 56 57 66 67 68 77 78 79 
11 9 70 71 72 81 82 83 92 93 94 
12 9 82 83 84 93 94 95 104 105 106 
13 9 85 86 87 96 97 98 107 108 109 
14 9 94 95 96 105 106 107 116 117 118 
15 4 0 1 11 12 
16 4 1 2 12 13 
17 4 2 3 13 14 
18 4 3 4 14 15 
19 4 4 5 15 16 
20 4 5 6 16 17 
21 4 6 7 17 18 
22 4 7 8 18 19 
23 4 8 9 19 20 
24 4 9 10 20 21 
25 4 11 12 22 23 
26 4 12 13 23 24 
27 4 13 14 24 25 
28 4 14 15 25 26 
29 4 15 16 26 27 
30 4 16 17 27 28 
31 4 17 18 28 29 
32 4 18 19 29 30 
33 4 19 20 30 31 
34 4 20 21 31 32 
35 4 22 23 33 34 
36 4 23 24 34 35 
37 4 24 25 35 36 
38 4 25 26 36 37 
39 4 26 27 37 38 
40 4 27 28 38 39 
41 4 28 29 39 40 
42 4 29 30 40 41 
43 4 30 31 41 42 
44 4 31 32 42 43 
45 4 33 34 44 45 
46 4 34 35 45 46 
47 4 35 36 46 47 
48 4 36 37 47 48 
49 4 37 38 48 49 
50 4 38 39 49 50 
51 4 39 40 50 51 
52 4 40 41 51 52 
53 4 41 42 52 53 
54 4 42 43 53 54 
55 4 44 45 55 56 
56 4 45 46 56 57 
57 4 46 47 57 58 
58 4 47 48 58 59 
59 4 48 49 59 60 
60 4 49 50 60 61 
61 4 50 51 61 62 
62 4 51 52 62 63 
63 4 52 53 63 64 
64 4 53 54 64 65 
65 4 55 56 66 67 
66 4 56 57 67 68 
67 4 57 58 68 69 
68 4 58 59 69 70 
69 4 59 60 70 71 
70 4 60 61 71 72 
71 4 61 62 72 73 
72 4 62 63 73 74 
73 4 63 64 74 75 
74 4 64 65 75 76 
75 4 66 67 77 78 
76 4 67 68 78 79 
77 4 68 69 79 80 
78 4 69 70 80 81 
79 4 70 71 81 82 
80 4 71 72 82 83 
81 4 72 73 83 84 
82 4 73 74 84 85 
83 4 74 75 85 86 
84 4 75 76 86 87 
85 4 77 78 88 89 
86 4 78 79 89 90 
87 4 79 80 90 91 
88 4 80 81 91 92 
89 4 81 82 92 93 
90 4 82 83 93 94 
91 4 83 84 94 95 
92 4 84 85 95 96 
93 4 85 86 96 97 
94 4 86 87 97 98 
95 4 88 89 99 100 
96 4 89 90 100 101 
97 4 90 91 101 102 
98 4 91 92 102 103 
99 4 92 93 103 104 
100 4 93 94 104 105 
101 4 94 95 105 106 
102 4 95 96 106 107 
103 4 96 97 107 108 
104 4 97 98 108 109 
105 4 99 100 110 111 
106 4 100 101 111 112 
107 4 101 102 112 113 
108 4 102 103 113 114 
109 4 103 104 114 115 
110 4 104 105 115 116 
111 4 105 106 116 117 
112 4 106 107 117 118 
113 4 107 108 118 119 
114 4 108 109 119 120 

99999 6 1.41 2.24 3.16 5 4 4.47 5.83 6.71 7.07 8.25 9.43 9.49 11.66 3.54 2.55 1.58 0.71 0.71 1.58 2.55 3.54 4.53 5.52 3.81 2.92 2.12 1.58 1.58 2.12 2.92 3.81 4.74 5.7 4.3 3.54 2.92 2.55 2.55 2.92 3.54 4.3 5.15 6.04 4.95 4.3 3.81 3.54 3.54 3.81 4.3 4.95 5.7 6.52 5.7 5.15 4.74 4.53 4.53 4.74 5.15 5.7 6.36 7.11 6.52 6.04 5.7 5.52 5.52 5.7 6.04 6.52 7.11 7.78 7.38 6.96 6.67 6.52 6.52 6.67 6.96 7.38 7.91 8.51 8.28 7.91 7.65 7.52 7.52 7.65 7.91 8.28 8.75 9.3 9.19 8.86 8.63 8.51 8.51 8.63 8.86 9.19 9.62 10.12 10.12 9.82 9.62 9.51 9.51 9.62 9.82 10.12 10.51 10.98 
6 99999 5.1 5.39 5.83 9.85 7.21 5.66 5.83 10.82 8.6 8.94 8.06 9.49 10 9.51 8.51 7.52 6.52 5.52 4.53 3.54 2.55 1.58 0.71 9.62 8.63 7.65 6.67 5.7 4.74 3.81 2.92 2.12 1.58 9.82 8.86 7.91 6.96 6.04 5.15 4.3 3.54 2.92 2.55 10.12 9.19 8.28 7.38 6.52 5.7 4.95 4.3 3.81 3.54 10.51 9.62 8.75 7.91 7.11 6.36 5.7 5.15 4.74 4.53 10.98 10.12 9.3 8.51 7.78 7.11 6.52 6.04 5.7 5.52 11.51 10.7 9.92 9.19 8.51 7.91 7.38 6.96 6.67 6.52 12.1 11.34 10.61 9.92 9.3 8.75 8.28 7.91 7.65 7.52 12.75 12.02 11.34 10.7 10.12 9.62 9.19 8.86 8.63 8.51 13.44 12.75 12.1 11.51 10.98 10.51 10.12 9.82 9.62 9.51 
1.41 5.1 99999 1 2 5 3.16 3.16 4.47 6.4 6 7.07 8.06 8.25 10.3 4.53 3.54 2.55 1.58 0.71 0.71 1.58 2.55 3.54 4.53 4.53 3.54 2.55 1.58 0.71 0.71 1.58 2.55 3.54 4.53 4.74 3.81 2.92 2.12 1.58 1.58 2.12 2.92 3.81 4.74 5.15 4.3 3.54 2.92 2.55 2.55 2.92 3.54 4.3 5.15 5.7 4.95 4.3 3.81 3.54 3.54 3.81 4.3 4.95 5.7 6.36 5.7 5.15 4.74 4.53 4.53 4.74 5.15 5.7 6.36 7.11 6.52 6.04 5.7 5.52 5.52 5.7 6.04 6.52 7.11 7.91 7.38 6.96 6.67 6.52 6.52 6.67 6.96 7.38 7.91 8.75 8.28 7.91 7.65 7.52 7.52 7.65 7.91 8.28 8.75 9.62 9.19 8.86 8.63 8.51 8.51 8.63 8.86 9.19 9.62 
2.24 5.39 1 99999 1 4.47 2.24 2.24 3.61 5.66 5 6.08 7.21 7.28 9.43 4.74 3.81 2.92 2.12 1.58 1.58 2.12 2.92 3.81 4.74 4.53 3.54 2.55 1.58 0.71 0.71 1.58 2.55 3.54 4.53 4.53 3.54 2.55 1.58 0.71 0.71 1.58 2.55 3.54 4.53 4.74 3.81 2.92 2.12 1.58 1.58 2.12 2.92 3.81 4.74 5.15 4.3 3.54 2.92 2.55 2.55 2.92 3.54 4.3 5.15 5.7 4.95 4.3 3.81 3.54 3.54 3.81 4.3 4.95 5.7 6.36 5.7 5.15 4.74 4.53 4.53 4.74 5.15 5.7 6.36 7.11 6.52 6.04 5.7 5.52 5.52 5.7 6.04 6.52 7.11 7.91 7.38 6.96 6.67 6.52 6.52 6.67 6.96 7.38 7.91 8.75 8.28 7.91 7.65 7.52 7.52 7.65 7.91 8.28 8.75 
3.16 5.83 2 1 99999 4.12 1.41 1.41 2.83 5 4 5.1 6.4 6.32 8.6 5.15 4.3 3.54 2.92 2.55 2.55 2.92 3.54 4.3 5.15 4.74 3.81 2.92 2.12 1.58 1.58 2.12 2.92 3.81 4.74 4.53 3.54 2.55 1.58 0.71 0.71 1.58 2.55 3.54 4.53 4.53 3.54 2.55 1.58 0.71 0.71 1.58 2.55 3.54 4.53 4.74 3.81 2.92 2.12 1.58 1.58 2.12 2.92 3.81 4.74 5.15 4.3 3.54 2.92 2.55 2.55 2.92 3.54 4.3 5.15 5.7 4.95 4.3 3.81 3.54 3.54 3.81 4.3 4.95 5.7 6.36 5.7 5.15 4.74 4.53 4.53 4.74 5.15 5.7 6.36 7.11 6.52 6.04 5.7 5.52 5.52 5.7 6.04 6.52 7.11 7.91 7.38 6.96 6.67 6.52 6.52 6.67 6.96 7.38 7.91 
5 9.85 5 4.47 4.12 99999 3 5 6.08 2 5 6.4 8.94 7.81 10.82 3.54 3.54 3.81 4.3 4.95 5.7 6.52 7.38 8.28 9.19 2.55 2.55 2.92 3.54 4.3 5.15 6.04 6.96 7.91 8.86 1.58 1.58 2.12 2.92 3.81 4.74 5.7 6.67 7.65 8.63 0.71 0.71 1.58 2.55 3.54 4.53 5.52 6.52 7.52 8.51 0.71 0.71 1.58 2.55 3.54 4.53 5.52 6.52 7.52 8.51 1.58 1.58 2.12 2.92 3.81 4.74 5.7 6.67 7.65 8.63 2.55 2.55 2.92 3.54 4.3 5.15 6.04 6.96 7.91 8.86 3.54 3.54 3.81 4.3 4.95 5.7 6.52 7.38 8.28 9.19 4.53 4.53 4.74 5.15 5.7 6.36 7.11 7.91 8.75 9.62 5.52 5.52 5.7 6.04 6.52 7.11 7.78 8.51 9.3 10.12 
4 7.21 3.16 2.24 1.41 3 99999 2 3.16 3.61 3.16 4.47 6.4 5.83 8.49 4.95 4.3 3.81 3.54 3.54 3.81 4.3 4.95 5.7 6.52 4.3 3.54 2.92 2.55 2.55 2.92 3.54 4.3 5.15 6.04 3.81 2.92 2.12 1.58 1.58 2.12 2.92 3.81 4.74 5.7 3.54 2.55 1.58 0.71 0.71 1.58 2.55 3.54 4.53 5.52 3.54 2.55 1.58 0.71 0.71 1.58 2.55 3.54 4.53 5.52 3.81 2.92 2.12 1.58 1.58 2.12 2.92 3.81 4.74 5.7 4.3 3.54 2.92 2.55 2.55 2.92 3.54 4.3 5.15 6.04 4.95 4.3 3.81 3.54 3.54 3.81 4.3 4.95 5.7 6.52 5.7 5.15 4.74 4.53 4.53 4.74 5.15 5.7 6.36 7.11 6.52 6.04 5.7 5.52 5.52 5.7 6.04 6.52 7.11 7.78 
4.47 5.66 3.16 2.24 1.41 5 2 99999 1.41 5.39 3.16 4 5 5.1 7.21 6.52 5.7 4.95 4.3 3.81 3.54 3.54 3.81 4.3 4.95 6.04 5.15 4.3 3.54 2.92 2.55 2.55 2.92 3.54 4.3 5.7 4.74 3.81 2.92 2.12 1.58 1.58 2.12 2.92 3.81 5.52 4.53 3.54 2.55 1.58 0.71 0.71 1.58 2.55 3.54 5.52 4.53 3.54 2.55 1.58 0.71 0.71 1.58 2.55 3.54 5.7 4.74 3.81 2.92 2.12 1.58 1.58 2.12 2.92 3.81 6.04 5.15 4.3 3.54 2.92 2.55 2.55 2.92 3.54 4.3 6.52 5.7 4.95 4.3 3.81 3.54 3.54 3.81 4.3 4.95 7.11 6.36 5.7 5.15 4.74 4.53 4.53 4.74 5.15 5.7 7.78 7.11 6.52 6.04 5.7 5.52 5.52 5.7 6.04 6.52 
5.83 5.83 4.47 3.61 2.83 6.08 3.16 1.41 99999 6.08 2.83 3.16 3.61 4 5.83 7.91 7.11 6.36 5.7 5.15 4.74 4.53 4.53 4.74 5.15 7.38 6.52 5.7 4.95 4.3 3.81 3.54 3.54 3.81 4.3 6.96 6.04 5.15 4.3 3.54 2.92 2.55 2.55 2.92 3.54 6.67 5.7 4.74 3.81 2.92 2.12 1.58 1.58 2.12 2.92 6.52 5.52 4.53 3.54 2.55 1.58 0.71 0.71 1.58 2.55 6.52 5.52 4.53 3.54 2.55 1.58 0.71 0.71 1.58 2.55 6.67 5.7 4.74 3.81 2.92 2.12 1.58 1.58 2.12 2.92 6.96 6.04 5.15 4.3 3.54 2.92 2.55 2.55 2.92 3.54 7.38 6.52 5.7 4.95 4.3 3.81 3.54 3.54 3.81 4.3 7.91 7.11 6.36 5.7 5.15 4.74 4.53 4.53 4.74 5.15 
6.71 10.82 6.4 5.66 5 2 3.61 5.39 6.08 99999 4.12 5.39 8.25 6.71 9.85 5.52 5.52 5.7 6.04 6.52 7.11 7.78 8.51 9.3 10.12 4.53 4.53 4.74 5.15 5.7 6.36 7.11 7.91 8.75 9.62 3.54 3.54 3.81 4.3 4.95 5.7 6.52 7.38 8.28 9.19 2.55 2.55 2.92 3.54 4.3 5.15 6.04 6.96 7.91 8.86 1.58 1.58 2.12 2.92 3.81 4.74 5.7 6.67 7.65 8.63 0.71 0.71 1.58 2.55 3.54 4.53 5.52 6.52 7.52 8.51 0.71 0.71 1.58 2.55 3.54 4.53 5.52 6.52 7.52 8.51 1.58 1.58 2.12 2.92 3.81 4.74 5.7 6.67 7.65 8.63 2.55 2.55 2.92 3.54 4.3 5.15 6.04 6.96 7.91 8.86 3.54 3.54 3.81 4.3 4.95 5.7 6.52 7.38 8.28 9.19 
7.07 8.6 6 5 4 5 3.16 3.16 2.83 4.12 99999 1.41 4.12 2.83 5.83 7.91 7.38 6.96 6.67 6.52 6.52 6.67 6.96 7.38 7.91 7.11 6.52 6.04 5.7 5.52 5.52 5.7 6.04 6.52 7.11 6.36 5.7 5.15 4.74 4.53 4.53 4.74 5.15 5.7 6.36 5.7 4.95 4.3 3.81 3.54 3.54 3.81 4.3 4.95 5.7 5.15 4.3 3.54 2.92 2.55 2.55 2.92 3.54 4.3 5.15 4.74 3.81 2.92 2.12 1.58 1.58 2.12 2.92 3.81 4.74 4.53 3.54 2.55 1.58 0.71 0.71 1.58 2.55 3.54 4.53 4.53 3.54 2.55 1.58 0.71 0.71 1.58 2.55 3.54 4.53 4.74 3.81 2.92 2.12 1.58 1.58 2.12 2.92 3.81 4.74 5.15 4.3 3.54 2.92 2.55 2.55 2.92 3.54 4.3 5.15 
8.25 8.94 7.07 6.08 5.1 6.4 4.47 4 3.16 5.39 1.41 99999 3 1.41 4.47 9.3 8.75 8.28 7.91 7.65 7.52 7.52 7.65 7.91 8.28 8.51 7.91 7.38 6.96 6.67 6.52 6.52 6.67 6.96 7.38 7.78 7.11 6.52 6.04 5.7 5.52 5.52 5.7 6.04 6.52 7.11 6.36 5.7 5.15 4.74 4.53 4.53 4.74 5.15 5.7 6.52 5.7 4.95 4.3 3.81 3.54 3.54 3.81 4.3 4.95 6.04 5.15 4.3 3.54 2.92 2.55 2.55 2.92 3.54 4.3 5.7 4.74 3.81 2.92 2.12 1.58 1.58 2.12 2.92 3.81 5.52 4.53 3.54 2.55 1.58 0.71 0.71 1.58 2.55 3.54 5.52 4.53 3.54 2.55 1.58 0.71 0.71 1.58 2.55 3.54 5.7 4.74 3.81 2.92 2.12 1.58 1.58 2.12 2.92 3.81 
9.43 8.06 8.06 7.21 6.4 8.94 6.4 5 3.61 8.25 4.12 3 99999 2.24 2.24 11.34 10.61 9.92 9.3 8.75 8.28 7.91 7.65 7.52 7.52 10.7 9.92 9.19 8.51 7.91 7.38 6.96 6.67 6.52 6.52 10.12 9.3 8.51 7.78 7.11 6.52 6.04 5.7 5.52 5.52 9.62 8.75 7.91 7.11 6.36 5.7 5.15 4.74 4.53 4.53 9.19 8.28 7.38 6.52 5.7 4.95 4.3 3.81 3.54 3.54 8.86 7.91 6.96 6.04 5.15 4.3 3.54 2.92 2.55 2.55 8.63 7.65 6.67 5.7 4.74 3.81 2.92 2.12 1.58 1.58 8.51 7.52 6.52 5.52 4.53 3.54 2.55 1.58 0.71 0.71 8.51 7.52 6.52 5.52 4.53 3.54 2.55 1.58 0.71 0.71 8.63 7.65 6.67 5.7 4.74 3.81 2.92 2.12 1.58 1.58 
9.49 9.49 8.25 7.28 6.32 7.81 5.83 5.1 4 6.71 2.83 1.41 2.24 99999 3.16 10.7 10.12 9.62 9.19 8.86 8.63 8.51 8.51 8.63 8.86 9.92 9.3 8.75 8.28 7.91 7.65 7.52 7.52 7.65 7.91 9.19 8.51 7.91 7.38 6.96 6.67 6.52 6.52 6.67 6.96 8.51 7.78 7.11 6.52 6.04 5.7 5.52 5.52 5.7 6.04 7.91 7.11 6.36 5.7 5.15 4.74 4.53 4.53 4.74 5.15 7.38 6.52 5.7 4.95 4.3 3.81 3.54 3.54 3.81 4.3 6.96 6.04 5.15 4.3 3.54 2.92 2.55 2.55 2.92 3.54 6.67 5.7 4.74 3.81 2.92 2.12 1.58 1.58 2.12 2.92 6.52 5.52 4.53 3.54 2.55 1.58 0.71 0.71 1.58 2.55 6.52 5.52 4.53 3.54 2.55 1.58 0.71 0.71 1.58 2.55 
11.66 10 10.3 9.43 8.6 10.82 8.49 7.21 5.83 9.85 5.83 4.47 2.24 3.16 99999 13.44 12.75 12.1 11.51 10.98 10.51 10.12 9.82 9.62 9.51 12.75 12.02 11.34 10.7 10.12 9.62 9.19 8.86 8.63 8.51 12.1 11.34 10.61 9.92 9.3 8.75 8.28 7.91 7.65 7.52 11.51 10.7 9.92 9.19 8.51 7.91 7.38 6.96 6.67 6.52 10.98 10.12 9.3 8.51 7.78 7.11 6.52 6.04 5.7 5.52 10.51 9.62 8.75 7.91 7.11 6.36 5.7 5.15 4.74 4.53 10.12 9.19 8.28 7.38 6.52 5.7 4.95 4.3 3.81 3.54 9.82 8.86 7.91 6.96 6.04 5.15 4.3 3.54 2.92 2.55 9.62 8.63 7.65 6.67 5.7 4.74 3.81 2.92 2.12 1.58 9.51 8.51 7.52 6.52 5.52 4.53 3.54 2.55 1.58 0.71 
3.54 9.51 4.53 4.74 5.15 3.54 4.95 6.52 7.91 5.52 7.91 9.3 11.34 10.7 13.44 99999 1 2 3 4 5 6 7 8 9 1 1.41 2.24 3.16 4.12 5.1 6.08 7.07 8.06 9.06 2 2.24 2.83 3.61 4.47 5.39 6.32 7.28 8.25 9.22 3 3.16 3.61 4.24 5 5.83 6.71 7.62 8.54 9.49 4 4.12 4.47 5 5.66 6.4 7.21 8.06 8.94 9.85 5 5.1 5.39 5.83 6.4 7.07 7.81 8.6 9.43 10.3 6 6.08 6.32 6.71 7.21 7.81 8.49 9.22 10 10.82 7 7.07 7.28 7.62 8.06 8.6 9.22 9.9 10.63 11.4 8 8.06 8.25 8.54 8.94 9.43 10 10.63 11.31 12.04 9 9.06 9.22 9.49 9.85 10.3 10.82 11.4 12.04 12.73 
2.55 8.51 3.54 3.81 4.3 3.54 4.3 5.7 7.11 5.52 7.38 8.75 10.61 10.12 12.75 1 99999 1 2 3 4 5 6 7 8 1.41 1 1.41 2.24 3.16 4.12 5.1 6.08 7.07 8.06 2.24 2 2.24 2.83 3.61 4.47 5.39 6.32 7.28 8.25 3.16 3 3.16 3.61 4.24 5 5.83 6.71 7.62 8.54 4.12 4 4.12 4.47 5 5.66 6.4 7.21 8.06 8.94 5.1 5 5.1 5.39 5.83 6.4 7.07 7.81 8.6 9.43 6.08 6 6.08 6.32 6.71 7.21 7.81 8.49 9.22 10 7.07 7 7.07 7.28 7.62 8.06 8.6 9.22 9.9 10.63 8.06 8 8.06 8.25 8.54 8.94 9.43 10 10.63 11.31 9.06 9 9.06 9.22 9.49 9.85 10.3 10.82 11.4 12.04 
1.58 7.52 2.55 2.92 3.54 3.81 3.81 4.95 6.36 5.7 6.96 8.28 9.92 9.62 12.1 2 1 99999 1 2 3 4 5 6 7 2.24 1.41 1 1.41 2.24 3.16 4.12 5.1 6.08 7.07 2.83 2.24 2 2.24 2.83 3.61 4.47 5.39 6.32 7.28 3.61 3.16 3 3.16 3.61 4.24 5 5.83 6.71 7.62 4.47 4.12 4 4.12 4.47 5 5.66 6.4 7.21 8.06 5.39 5.1 5 5.1 5.39 5.83 6.4 7.07 7.81 8.6 6.32 6.08 6 6.08 6.32 6.71 7.21 7.81 8.49 9.22 7.28 7.07 7 7.07 7.28 7.62 8.06 8.6 9.22 9.9 8.25 8.06 8 8.06 8.25 8.54 8.94 9.43 10 10.63 9.22 9.06 9 9.06 9.22 9.49 9.85 10.3 10.82 11.4 
0.71 6.52 1.58 2.12 2.92 4.3 3.54 4.3 5.7 6.04 6.67 7.91 9.3 9.19 11.51 3 2 1 99999 1 2 3 4 5 6 3.16 2.24 1.41 1 1.41 2.24 3.16 4.12 5.1 6.08 3.61 2.83 2.24 2 2.24 2.83 3.61 4.47 5.39 6.32 4.24 3.61 3.16 3 3.16 3.61 4.24 5 5.83 6.71 5 4.47 4.12 4 4.12 4.47 5 5.66 6.4 7.21 5.83 5.39 5.1 5 5.1 5.39 5.83 6.4 7.07 7.81 6.71 6.32 6.08 6 6.08 6.32 6.71 7.21 7.81 8.49 7.62 7.28 7.07 7 7.07 7.28 7.62 8.06 8.6 9.22 8.54 8.25 8.06 8 8.06 8.25 8.54 8.94 9.43 10 9.49 9.22 9.06 9 9.06 9.22 9.49 9.85 10.3 10.82 
0.71 5.52 0.71 1.58 2.55 4.95 3.54 3.81 5.15 6.52 6.52 7.65 8.75 8.86 10.98 4 3 2 1 99999 1 2 3 4 5 4.12 3.16 2.24 1.41 1 1.41 2.24 3.16 4.12 5.1 4.47 3.61 2.83 2.24 2 2.24 2.83 3.61 4.47 5.39 5 4.24 3.61 3.16 3 3.16 3.61 4.24 5 5.83 5.66 5 4.47 4.12 4 4.12 4.47 5 5.66 6.4 6.4 5.83 5.39 5.1 5 5.1 5.39 5.83 6.4 7.07 7.21 6.71 6.32 6.08 6 6.08 6.32 6.71 7.21 7.81 8.06 7.62 7.28 7.07 7 7.07 7.28 7.62 8.06 8.6 8.94 8.54 8.25 8.06 8 8.06 8.25 8.54 8.94 9.43 9.85 9.49 9.22 9.06 9 9.06 9.22 9.49 9.85 10.3 
1.58 4.53 0.71 1.58 2.55 5.7 3.81 3.54 4.74 7.11 6.52 7.52 8.28 8.63 10.51 5 4 3 2 1 99999 1 2 3 4 5.1 4.12 3.16 2.24 1.41 1 1.41 2.24 3.16 4.12 5.39 4.47 3.61 2.83 2.24 2 2.24 2.83 3.61 4.47 5.83 5 4.24 3.61 3.16 3 3.16 3.61 4.24 5 6.4 5.66 5 4.47 4.12 4 4.12 4.47 5 5.66 7.07 6.4 5.83 5.39 5.1 5 5.1 5.39 5.83 6.4 7.81 7.21 6.71 6.32 6.08 6 6.08 6.32 6.71 7.21 8.6 8.06 7.62 7.28 7.07 7 7.07 7.28 7.62 8.06 9.43 8.94 8.54 8.25 8.06 8 8.06 8.25 8.54 8.94 10.3 9.85 9.49 9.22 9.06 9 9.06 9.22 9.49 9.85 
2.55 3.54 1.58 2.12 2.92 6.52 4.3 3.54 4.53 7.78 6.67 7.52 7.91 8.51 10.12 6 5 4 3 2 1 99999 1 2 3 6.08 5.1 4.12 3.16 2.24 1.41 1 1.41 2.24 3.16 6.32 5.39 4.47 3.61 2.83 2.24 2 2.24 2.83 3.61 6.71 5.83 5 4.24 3.61 3.16 3 3.16 3.61 4.24 7.21 6.4 5.66 5 4.47 4.12 4 4.12 4.47 5 7.81 7.07 6.4 5.83 5.39 5.1 5 5.1 5.39 5.83 8.49 7.81 7.21 6.71 6.32 6.08 6 6.08 6.32 6.71 9.22 8.6 8.06 7.62 7.28 7.07 7 7.07 7.28 7.62 10 9.43 8.94 8.54 8.25 8.06 8 8.06 8.25 8.54 10.82 10.3 9.85 9.49 9.22 9.06 9 9.06 9.22 9.49 
3.54 2.55 2.55 2.92 3.54 7.38 4.95 3.81 4.53 8.51 6.96 7.65 7.65 8.51 9.82 7 6 5 4 3 2 1 99999 1 2 7.07 6.08 5.1 4.12 3.16 2.24 1.41 1 1.41 2.24 7.28 6.32 5.39 4.47 3.61 2.83 2.24 2 2.24 2.83 7.62 6.71 5.83 5 4.24 3.61 3.16 3 3.16 3.61 8.06 7.21 6.4 5.66 5 4.47 4.12 4 4.12 4.47 8.6 7.81 7.07 6.4 5.83 5.39 5.1 5 5.1 5.39 9.22 8.49 7.81 7.21 6.71 6.32 6.08 6 6.08 6.32 9.9 9.22 8.6 8.06 7.62 7.28 7.07 7 7.07 7.28 10.63 10 9.43 8.94 8.54 8.25 8.06 8 8.06 8.25 11.4 10.82 10.3 9.85 9.49 9.22 9.06 9 9.06 9.22 
4.53 1.58 3.54 3.81 4.3 8.28 5.7 4.3 4.74 9.3 7.38 7.91 7.52 8.63 9.62 8 7 6 5 4 3 2 1 99999 1 8.06 7.07 6.08 5.1 4.12 3.16 2.24 1.41 1 1.41 8.25 7.28 6.32 5.39 4.47 3.61 2.83 2.24 2 2.24 8.54 7.62 6.71 5.83 5 4.24 3.61 3.16 3 3.16 8.94 8.06 7.21 6.4 5.66 5 4.47 4.12 4 4.12 9.43 8.6 7.81 7.07 6.4 5.83 5.39 5.1 5 5.1 10 9.22 8.49 7.81 7.21 6.71 6.32 6.08 6 6.08 10.63 9.9 9.22 8.6 8.06 7.62 7.28 7.07 7 7.07 11.31 10.63 10 9.43 8.94 8.54 8.25 8.06 8 8.06 12.04 11.4 10.82 10.3 9.85 9.49 9.22 9.06 9 9.06 
5.52 0.71 4.53 4.74 5.15 9.19 6.52 4.95 5.15 10.12 7.91 8.28 7.52 8.86 9.51 9 8 7 6 5 4 3 2 1 99999 9.06 8.06 7.07 6.08 5.1 4.12 3.16 2.24 1.41 1 9.22 8.25 7.28 6.32 5.39 4.47 3.61 2.83 2.24 2 9.49 8.54 7.62 6.71 5.83 5 4.24 3.61 3.16 3 9.85 8.94 8.06 7.21 6.4 5.66 5 4.47 4.12 4 10.3 9.43 8.6 7.81 7.07 6.4 5.83 5.39 5.1 5 10.82 10 9.22 8.49 7.81 7.21 6.71 6.32 6.08 6 11.4 10.63 9.9 9.22 8.6 8.06 7.62 7.28 7.07 7 12.04 11.31 10.63 10 9.43 8.94 8.54 8.25 8.06 8 12.73 12.04 11.4 10.82 10.3 9.85 9.49 9.22 9.06 9 
3.81 9.62 4.53 4.53 4.74 2.55 4.3 6.04 7.38 4.53 7.11 8.51 10.7 9.92 12.75 1 1.41 2.24 3.16 4.12 5.1 6.08 7.07 8.06 9.06 99999 1 2 3 4 5 6 7 8 9 1 1.41 2.24 3.16 4.12 5.1 6.08 7.07 8.06 9.06 2 2.24 2.83 3.61 4.47 5.39 6.32 7.28 8.25 9.22 3 3.16 3.61 4.24 5 5.83 6.71 7.62 8.54 9.49 4 4.12 4.47 5 5.66 6.4 7.21 8.06 8.94 9.85 5 5.1 5.39 5.83 6.4 7.07 7.81 8.6 9.43 10.3 6 6.08 6.32 6.71 7.21 7.81 8.49 9.22 10 10.82 7 7.07 7.28 7.62 8.06 8.6 9.22 9.9 10.63 11.4 8 8.06 8.25 8.54 8.94 9.43 10 10.63 11.31 12.04 
2.92 8.63 3.54 3.54 3.81 2.55 3.54 5.15 6.52 4.53 6.52 7.91 9.92 9.3 12.02 1.41 1 1.41 2.24 3.16 4.12 5.1 6.08 7.07 8.06 1 99999 1 2 3 4 5 6 7 8 1.41 1 1.41 2.24 3.16 4.12 5.1 6.08 7.07 8.06 2.24 2 2.24 2.83 3.61 4.47 5.39 6.32 7.28 8.25 3.16 3 3.16 3.61 4.24 5 5.83 6.71 7.62 8.54 4.12 4 4.12 4.47 5 5.66 6.4 7.21 8.06 8.94 5.1 5 5.1 5.39 5.83 6.4 7.07 7.81 8.6 9.43 6.08 6 6.08 6.32 6.71 7.21 7.81 8.49 9.22 10 7.07 7 7.07 7.28 7.62 8.06 8.6 9.22 9.9 10.63 8.06 8 8.06 8.25 8.54 8.94 9.43 10 10.63 11.31 
2.12 7.65 2.55 2.55 2.92 2.92 2.92 4.3 5.7 4.74 6.04 7.38 9.19 8.75 11.34 2.24 1.41 1 1.41 2.24 3.16 4.12 5.1 6.08 7.07 2 1 99999 1 2 3 4 5 6 7 2.24 1.41 1 1.41 2.24 3.16 4.12 5.1 6.08 7.07 2.83 2.24 2 2.24 2.83 3.61 4.47 5.39 6.32 7.28 3.61 3.16 3 3.16 3.61 4.24 5 5.83 6.71 7.62 4.47 4.12 4 4.12 4.47 5 5.66 6.4 7.21 8.06 5.39 5.1 5 5.1 5.39 5.83 6.4 7.07 7.81 8.6 6.32 6.08 6 6.08 6.32 6.71 7.21 7.81 8.49 9.22 7.28 7.07 7 7.07 7.28 7.62 8.06 8.6 9.22 9.9 8.25 8.06 8 8.06 8.25 8.54 8.94 9.43 10 10.63 
1.58 6.67 1.58 1.58 2.12 3.54 2.55 3.54 4.95 5.15 5.7 6.96 8.51 8.28 10.7 3.16 2.24 1.41 1 1.41 2.24 3.16 4.12 5.1 6.08 3 2 1 99999 1 2 3 4 5 6 3.16 2.24 1.41 1 1.41 2.24 3.16 4.12 5.1 6.08 3.61 2.83 2.24 2 2.24 2.83 3.61 4.47 5.39 6.32 4.24 3.61 3.16 3 3.16 3.61 4.24 5 5.83 6.71 5 4.47 4.12 4 4.12 4.47 5 5.66 6.4 7.21 5.83 5.39 5.1 5 5.1 5.39 5.83 6.4 7.07 7.81 6.71 6.32 6.08 6 6.08 6.32 6.71 7.21 7.81 8.49 7.62 7.28 7.07 7 7.07 7.28 7.62 8.06 8.6 9.22 8.54 8.25 8.06 8 8.06 8.25 8.54 8.94 9.43 10 
1.58 5.7 0.71 0.71 1.58 4.3 2.55 2.92 4.3 5.7 5.52 6.67 7.91 7.91 10.12 4.12 3.16 2.24 1.41 1 1.41 2.24 3.16 4.12 5.1 4 3 2 1 99999 1 2 3 4 5 4.12 3.16 2.24 1.41 1 1.41 2.24 3.16 4.12 5.1 4.47 3.61 2.83 2.24 2 2.24 2.83 3.61 4.47 5.39 5 4.24 3.61 3.16 3 3.16 3.61 4.24 5 5.83 5.66 5 4.47 4.12 4 4.12 4.47 5 5.66 6.4 6.4 5.83 5.39 5.1 5 5.1 5.39 5.83 6.4 7.07 7.21 6.71 6.32 6.08 6 6.08 6.32 6.71 7.21 7.81 8.06 7.62 7.28 7.07 7 7.07 7.28 7.62 8.06 8.6 8.94 8.54 8.25 8.06 8 8.06 8.25 8.54 8.94 9.43 
2.12 4.74 0.71 0.71 1.58 5.15 2.92 2.55 3.81 6.36 5.52 6.52 7.38 7.65 9.62 5.1 4.12 3.16 2.24 1.41 1 1.41 2.24 3.16 4.12 5 4 3 2 1 99999 1 2 3 4 5.1 4.12 3.16 2.24 1.41 1 1.41 2.24 3.16 4.12 5.39 4.47 3.61 2.83 2.24 2 2.24 2.83 3.61 4.47 5.83 5 4.24 3.61 3.16 3 3.16 3.61 4.24 5 6.4 5.66 5 4.47 4.12 4 4.12 4.47 5 5.66 7.07 6.4 5.83 5.39 5.1 5 5.1 5.39 5.83 6.4 7.81 7.21 6.71 6.32 6.08 6 6.08 6.32 6.71 7.21 8.6 8.06 7.62 7.28 7.07 7 7.07 7.28 7.62 8.06 9.43 8.94 8.54 8.25 8.06 8 8.06 8.25 8.54 8.94 
2.92 3.81 1.58 1.58 2.12 6.04 3.54 2.55 3.54 7.11 5.7 6.52 6.96 7.52 9.19 6.08 5.1 4.12 3.16 2.24 1.41 1 1.41 2.24 3.16 6 5 4 3 2 1 99999 1 2 3 6.08 5.1 4.12 3.16 2.24 1.41 1 1.41 2.24 3.16 6.32 5.39 4.47 3.61 2.83 2.24 2 2.24 2.83 3.61 6.71 5.83 5 4.24 3.61 3.16 3 3.16 3.61 4.24 7.21 6.4 5.66 5 4.47 4.12 4 4.12 4.47 5 7.81 7.07 6.4 5.83 5.39 5.1 5 5.1 5.39 5.83 8.49 7.81 7.21 6.71 6.32 6.08 6 6.08 6.32 6.71 9.22 8.6 8.06 7.62 7.28 7.07 7 7.07 7.28 7.62 10 9.43 8.94 8.54 8.25 8.06 8 8.06 8.25 8.54 
3.81 2.92 2.55 2.55 2.92 6.96 4.3 2.92 3.54 7.91 6.04 6.67 6.67 7.52 8.86 7.07 6.08 5.1 4.12 3.16 2.24 1.41 1 1.41 2.24 7 6 5 4 3 2 1 99999 1 2 7.07 6.08 5.1 4.12 3.16 2.24 1.41 1 1.41 2.24 7.28 6.32 5.39 4.47 3.61 2.83 2.24 2 2.24 2.83 7.62 6.71 5.83 5 4.24 3.61 3.16 3 3.16 3.61 8.06 7.21 6.4 5.66 5 4.47 4.12 4 4.12 4.47 8.6 7.81 7.07 6.4 5.83 5.39 5.1 5 5.1 5.39 9.22 8.49 7.81 7.21 6.71 6.32 6.08 6 6.08 6.32 9.9 9.22 8.6 8.06 7.62 7.28 7.07 7 7.07 7.28 10.63 10 9.43 8.94 8.54 8.25 8.06 8 8.06 8.25 
4.74 2.12 3.54 3.54 3.81 7.91 5.15 3.54 3.81 8.75 6.52 6.96 6.52 7.65 8.63 8.06 7.07 6.08 5.1 4.12 3.16 2.24 1.41 1 1.41 8 7 6 5 4 3 2 1 99999 1 8.06 7.07 6.08 5.1 4.12 3.16 2.24 1.41 1 1.41 8.25 7.28 6.32 5.39 4.47 3.61 2.83 2.24 2 2.24 8.54 7.62 6.71 5.83 5 4.24 3.61 3.16 3 3.16 8.94 8.06 7.21 6.4 5.66 5 4.47 4.12 4 4.12 9.43 8.6 7.81 7.07 6.4 5.83 5.39 5.1 5 5.1 10 9.22 8.49 7.81 7.21 6.71 6.32 6.08 6 6.08 10.63 9.9 9.22 8.6 8.06 7.62 7.28 7.07 7 7.07 11.31 10.63 10 9.43 8.94 8.54 8.25 8.06 8 8.06 
5.7 1.58 4.53 4.53 4.74 8.86 6.04 4.3 4.3 9.62 7.11 7.38 6.52 7.91 8.51 9.06 8.06 7.07 6.08 5.1 4.12 3.16 2.24 1.41 1 9 8 7 6 5 4 3 2 1 99999 9.06 8.06 7.07 6.08 5.1 4.12 3.16 2.24 1.41 1 9.22 8.25 7.28 6.32 5.39 4.47 3.61 2.83 2.24 2 9.49 8.54 7.62 6.71 5.83 5 4.24 3.61 3.16 3 9.85 8.94 8.06 7.21 6.4 5.66 5 4.47 4.12 4 10.3 9.43 8.6 7.81 7.07 6.4 5.83 5.39 5.1 5 10.82 10 9.22 8.49 7.81 7.21 6.71 6.32 6.08 6 11.4 10.63 9.9 9.22 8.6 8.06 7.62 7.28 7.07 7 12.04 11.31 10.63 10 9.43 8.94 8.54 8.25 8.06 8 
4.3 9.82 4.74 4.53 4.53 1.58 3.81 5.7 6.96 3.54 6.36 7.78 10.12 9.19 12.1 2 2.24 2.83 3.61 4.47 5.39 6.32 7.28 8.25 9.22 1 1.41 2.24 3.16 4.12 5.1 6.08 7.07 8.06 9.06 99999 1 2 3 4 5 6 7 8 9 1 1.41 2.24 3.16 4.12 5.1 6.08 7.07 8.06 9.06 2 2.24 2.83 3.61 4.47 5.39 6.32 7.28 8.25 9.22 3 3.16 3.61 4.24 5 5.83 6.71 7.62 8.54 9.49 4 4.12 4.47 5 5.66 6.4 7.21 8.06 8.94 9.85 5 5.1 5.39 5.83 6.4 7.07 7.81 8.6 9.43 10.3 6 6.08 6.32 6.71 7.21 7.81 8.49 9.22 10 10.82 7 7.07 7.28 7.62 8.06 8.6 9.22 9.9 10.63 11.4 
3.54 8.86 3.81 3.54 3.54 1.58 2.92 4.74 6.04 3.54 5.7 7.11 9.3 8.51 11.34 2.24 2 2.24 2.83 3.61 4.47 5.39 6.32 7.28 8.25 1.41 1 1.41 2.24 3.16 4.12 5.1 6.08 7.07 8.06 1 99999 1 2 3 4 5 6 7 8 1.41 1 1.41 2.24 3.16 4.12 5.1 6.08 7.07 8.06 2.24 2 2.24 2.83 3.61 4.47 5.39 6.32 7.28 8.25 3.16 3 3.16 3.61 4.24 5 5.83 6.71 7.62 8.54 4.12 4 4.12 4.47 5 5.66 6.4 7.21 8.06 8.94 5.1 5 5.1 5.39 5.83 6.4 7.07 7.81 8.6 9.43 6.08 6 6.08 6.32 6.71 7.21 7.81 8.49 9.22 10 7.07 7 7.07 7.28 7.62 8.06 8.6 9.22 9.9 10.63 
2.92 7.91 2.92 2.55 2.55 2.12 2.12 3.81 5.15 3.81 5.15 6.52 8.51 7.91 10.61 2.83 2.24 2 2.24 2.83 3.61 4.47 5.39 6.32 7.28 2.24 1.41 1 1.41 2.24 3.16 4.12 5.1 6.08 7.07 2 1 99999 1 2 3 4 5 6 7 2.24 1.41 1 1.41 2.24 3.16 4.12 5.1 6.08 7.07 2.83 2.24 2 2.24 2.83 3.61 4.47 5.39 6.32 7.28 3.61 3.16 3 3.16 3.61 4.24 5 5.83 6.71 7.62 4.47 4.12 4 4.12 4.47 5 5.66 6.4 7.21 8.06 5.39 5.1 5 5.1 5.39 5.83 6.4 7.07 7.81 8.6 6.32 6.08 6 6.08 6.32 6.71 7.21 7.81 8.49 9.22 7.28 7.07 7 7.07 7.28 7.62 8.06 8.6 9.22 9.9 
2.55 6.96 2.12 1.58 1.58 2.92 1.58 2.92 4.3 4.3 4.74 6.04 7.78 7.38 9.92 3.61 2.83 2.24 2 2.24 2.83 3.61 4.47 5.39 6.32 3.16 2.24 1.41 1 1.41 2.24 3.16 4.12 5.1 6.08 3 2 1 99999 1 2 3 4 5 6 3.16 2.24 1.41 1 1.41 2.24 3.16 4.12 5.1 6.08 3.61 2.83 2.24 2 2.24 2.83 3.61 4.47 5.39 6.32 4.24 3.61 3.16 3 3.16 3.61 4.24 5 5.83 6.71 5 4.47 4.12 4 4.12 4.47 5 5.66 6.4 7.21 5.83 5.39 5.1 5 5.1 5.39 5.83 6.4 7.07 7.81 6.71 6.32 6.08 6 6.08 6.32 6.71 7.21 7.81 8.49 7.62 7.28 7.07 7 7.07 7.28 7.62 8.06 8.6 9.22 
2.55 6.04 1.58 0.71 0.71 3.81 1.58 2.12 3.54 4.95 4.53 5.7 7.11 6.96 9.3 4.47 3.61 2.83 2.24 2 2.24 2.83 3.61 4.47 5.39 4.12 3.16 2.24 1.41 1 1.41 2.24 3.16 4.12 5.1 4 3 2 1 99999 1 2 3 4 5 4.12 3.16 2.24 1.41 1 1.41 2.24 3.16 4.12 5.1 4.47 3.61 2.83 2.24 2 2.24 2.83 3.61 4.47 5.39 5 4.24 3.61 3.16 3 3.16 3.61 4.24 5 5.83 5.66 5 4.47 4.12 4 4.12 4.47 5 5.66 6.4 6.4 5.83 5.39 5.1 5 5.1 5.39 5.83 6.4 7.07 7.21 6.71 6.32 6.08 6 6.08 6.32 6.71 7.21 7.81 8.06 7.62 7.28 7.07 7 7.07 7.28 7.62 8.06 8.6 
2.92 5.15 1.58 0.71 0.71 4.74 2.12 1.58 2.92 5.7 4.53 5.52 6.52 6.67 8.75 5.39 4.47 3.61 2.83 2.24 2 2.24 2.83 3.61 4.47 5.1 4.12 3.16 2.24 1.41 1 1.41 2.24 3.16 4.12 5 4 3 2 1 99999 1 2 3 4 5.1 4.12 3.16 2.24 1.41 1 1.41 2.24 3.16 4.12 5.39 4.47 3.61 2.83 2.24 2 2.24 2.83 3.61 4.47 5.83 5 4.24 3.61 3.16 3 3.16 3.61 4.24 5 6.4 5.66 5 4.47 4.12 4 4.12 4.47 5 5.66 7.07 6.4 5.83 5.39 5.1 5 5.1 5.39 5.83 6.4 7.81 7.21 6.71 6.32 6.08 6 6.08 6.32 6.71 7.21 8.6 8.06 7.62 7.28 7.07 7 7.07 7.28 7.62 8.06 
3.54 4.3 2.12 1.58 1.58 5.7 2.92 1.58 2.55 6.52 4.74 5.52 6.04 6.52 8.28 6.32 5.39 4.47 3.61 2.83 2.24 2 2.24 2.83 3.61 6.08 5.1 4.12 3.16 2.24 1.41 1 1.41 2.24 3.16 6 5 4 3 2 1 99999 1 2 3 6.08 5.1 4.12 3.16 2.24 1.41 1 1.41 2.24 3.16 6.32 5.39 4.47 3.61 2.83 2.24 2 2.24 2.83 3.61 6.71 5.83 5 4.24 3.61 3.16 3 3.16 3.61 4.24 7.21 6.4 5.66 5 4.47 4.12 4 4.12 4.47 5 7.81 7.07 6.4 5.83 5.39 5.1 5 5.1 5.39 5.83 8.49 7.81 7.21 6.71 6.32 6.08 6 6.08 6.32 6.71 9.22 8.6 8.06 7.62 7.28 7.07 7 7.07 7.28 7.62 
4.3 3.54 2.92 2.55 2.55 6.67 3.81 2.12 2.55 7.38 5.15 5.7 5.7 6.52 7.91 7.28 6.32 5.39 4.47 3.61 2.83 2.24 2 2.24 2.83 7.07 6.08 5.1 4.12 3.16 2.24 1.41 1 1.41 2.24 7 6 5 4 3 2 1 99999 1 2 7.07 6.08 5.1 4.12 3.16 2.24 1.41 1 1.41 2.24 7.28 6.32 5.39 4.47 3.61 2.83 2.24 2 2.24 2.83 7.62 6.71 5.83 5 4.24 3.61 3.16 3 3.16 3.61 8.06 7.21 6.4 5.66 5 4.47 4.12 4 4.12 4.47 8.6 7.81 7.07 6.4 5.83 5.39 5.1 5 5.1 5.39 9.22 8.49 7.81 7.21 6.71 6.32 6.08 6 6.08 6.32 9.9 9.22 8.6 8.06 7.62 7.28 7.07 7 7.07 7.28 
5.15 2.92 3.81 3.54 3.54 7.65 4.74 2.92 2.92 8.28 5.7 6.04 5.52 6.67 7.65 8.25 7.28 6.32 5.39 4.47 3.61 2.83 2.24 2 2.24 8.06 7.07 6.08 5.1 4.12 3.16 2.24 1.41 1 1.41 8 7 6 5 4 3 2 1 99999 1 8.06 7.07 6.08 5.1 4.12 3.16 2.24 1.41 1 1.41 8.25 7.28 6.32 5.39 4.47 3.61 2.83 2.24 2 2.24 8.54 7.62 6.71 5.83 5 4.24 3.61 3.16 3 3.16 8.94 8.06 7.21 6.4 5.66 5 4.47 4.12 4 4.12 9.43 8.6 7.81 7.07 6.4 5.83 5.39 5.1 5 5.1 10 9.22 8.49 7.81 7.21 6.71 6.32 6.08 6 6.08 10.63 9.9 9.22 8.6 8.06 7.62 7.28 7.07 7 7.07 
6.04 2.55 4.74 4.53 4.53 8.63 5.7 3.81 3.54 9.19 6.36 6.52 5.52 6.96 7.52 9.22 8.25 7.28 6.32 5.39 4.47 3.61 2.83 2.24 2 9.06 8.06 7.07 6.08 5.1 4.12 3.16 2.24 1.41 1 9 8 7 6 5 4 3 2 1 99999 9.06 8.06 7.07 6.08 5.1 4.12 3.16 2.24 1.41 1 9.22 8.25 7.28 6.32 5.39 4.47 3.61 2.83 2.24 2 9.49 8.54 7.62 6.71 5.83 5 4.24 3.61 3.16 3 9.85 8.94 8.06 7.21 6.4 5.66 5 4.47 4.12 4 10.3 9.43 8.6 7.81 7.07 6.4 5.83 5.39 5.1 5 10.82 10 9.22 8.49 7.81 7.21 6.71 6.32 6.08 6 11.4 10.63 9.9 9.22 8.6 8.06 7.62 7.28 7.07 7 
4.95 10.12 5.15 4.74 4.53 0.71 3.54 5.52 6.67 2.55 5.7 7.11 9.62 8.51 11.51 3 3.16 3.61 4.24 5 5.83 6.71 7.62 8.54 9.49 2 2.24 2.83 3.61 4.47 5.39 6.32 7.28 8.25 9.22 1 1.41 2.24 3.16 4.12 5.1 6.08 7.07 8.06 9.06 99999 1 2 3 4 5 6 7 8 9 1 1.41 2.24 3.16 4.12 5.1 6.08 7.07 8.06 9.06 2 2.24 2.83 3.61 4.47 5.39 6.32 7.28 8.25 9.22 3 3.16 3.61 4.24 5 5.83 6.71 7.62 8.54 9.49 4 4.12 4.47 5 5.66 6.4 7.21 8.06 8.94 9.85 5 5.1 5.39 5.83 6.4 7.07 7.81 8.6 9.43 10.3 6 6.08 6.32 6.71 7.21 7.81 8.49 9.22 10 10.82 
4.3 9.19 4.3 3.81 3.54 0.71 2.55 4.53 5.7 2.55 4.95 6.36 8.75 7.78 10.7 3.16 3 3.16 3.61 4.24 5 5.83 6.71 7.62 8.54 2.24 2 2.24 2.83 3.61 4.47 5.39 6.32 7.28 8.25 1.41 1 1.41 2.24 3.16 4.12 5.1 6.08 7.07 8.06 1 99999 1 2 3 4 5 6 7 8 1.41 1 1.41 2.24 3.16 4.12 5.1 6.08 7.07 8.06 2.24 2 2.24 2.83 3.61 4.47 5.39 6.32 7.28 8.25 3.16 3 3.16 3.61 4.24 5 5.83 6.71 7.62 8.54 4.12 4 4.12 4.47 5 5.66 6.4 7.21 8.06 8.94 5.1 5 5.1 5.39 5.83 6.4 7.07 7.81 8.6 9.43 6.08 6 6.08 6.32 6.71 7.21 7.81 8.49 9.22 10 
3.81 8.28 3.54 2.92 2.55 1.58 1.58 3.54 4.74 2.92 4.3 5.7 7.91 7.11 9.92 3.61 3.16 3 3.16 3.61 4.24 5 5.83 6.71 7.62 2.83 2.24 2 2.24 2.83 3.61 4.47 5.39 6.32 7.28 2.24 1.41 1 1.41 2.24 3.16 4.12 5.1 6.08 7.07 2 1 99999 1 2 3 4 5 6 7 2.24 1.41 1 1.41 2.24 3.16 4.12 5.1 6.08 7.07 2.83 2.24 2 2.24 2.83 3.61 4.47 5.39 6.32 7.28 3.61 3.16 3 3.16 3.61 4.24 5 5.83 6.71 7.62 4.47 4.12 4 4.12 4.47 5 5.66 6.4 7.21 8.06 5.39 5.1 5 5.1 5.39 5.83 6.4 7.07 7.81 8.6 6.32 6.08 6 6.08 6.32 6.71 7.21 7.81 8.49 9.22 
3.54 7.38 2.92 2.12 1.58 2.55 0.71 2.55 3.81 3.54 3.81 5.15 7.11 6.52 9.19 4.24 3.61 3.16 3 3.16 3.61 4.24 5 5.83 6.71 3.61 2.83 2.24 2 2.24 2.83 3.61 4.47 5.39 6.32 3.16 2.24 1.41 1 1.41 2.24 3.16 4.12 5.1 6.08 3 2 1 99999 1 2 3 4 5 6 3.16 2.24 1.41 1 1.41 2.24 3.16 4.12 5.1 6.08 3.61 2.83 2.24 2 2.24 2.83 3.61 4.47 5.39 6.32 4.24 3.61 3.16 3 3.16 3.61 4.24 5 5.83 6.71 5 4.47 4.12 4 4.12 4.47 5 5.66 6.4 7.21 5.83 5.39 5.1 5 5.1 5.39 5.83 6.4 7.07 7.81 6.71 6.32 6.08 6 6.08 6.32 6.71 7.21 7.81 8.49 
3.54 6.52 2.55 1.58 0.71 3.54 0.71 1.58 2.92 4.3 3.54 4.74 6.36 6.04 8.51 5 4.24 3.61 3.16 3 3.16 3.61 4.24 5 5.83 4.47 3.61 2.83 2.24 2 2.24 2.83 3.61 4.47 5.39 4.12 3.16 2.24 1.41 1 1.41 2.24 3.16 4.12 5.1 4 3 2 1 99999 1 2 3 4 5 4.12 3.16 2.24 1.41 1 1.41 2.24 3.16 4.12 5.1 4.47 3.61 2.83 2.24 2 2.24 2.83 3.61 4.47 5.39 5 4.24 3.61 3.16 3 3.16 3.61 4.24 5 5.83 5.66 5 4.47 4.12 4 4.12 4.47 5 5.66 6.4 6.4 5.83 5.39 5.1 5 5.1 5.39 5.83 6.4 7.07 7.21 6.71 6.32 6.08 6 6.08 6.32 6.71 7.21 7.81 
3.81 5.7 2.55 1.58 0.71 4.53 1.58 0.71 2.12 5.15 3.54 4.53 5.7 5.7 7.91 5.83 5 4.24 3.61 3.16 3 3.16 3.61 4.24 5 5.39 4.47 3.61 2.83 2.24 2 2.24 2.83 3.61 4.47 5.1 4.12 3.16 2.24 1.41 1 1.41 2.24 3.16 4.12 5 4 3 2 1 99999 1 2 3 4 5.1 4.12 3.16 2.24 1.41 1 1.41 2.24 3.16 4.12 5.39 4.47 3.61 2.83 2.24 2 2.24 2.83 3.61 4.47 5.83 5 4.24 3.61 3.16 3 3.16 3.61 4.24 5 6.4 5.66 5 4.47 4.12 4 4.12 4.47 5 5.66 7.07 6.4 5.83 5.39 5.1 5 5.1 5.39 5.83 6.4 7.81 7.21 6.71 6.32 6.08 6 6.08 6.32 6.71 7.21 
4.3 4.95 2.92 2.12 1.58 5.52 2.55 0.71 1.58 6.04 3.81 4.53 5.15 5.52 7.38 6.71 5.83 5 4.24 3.61 3.16 3 3.16 3.61 4.24 6.32 5.39 4.47 3.61 2.83 2.24 2 2.24 2.83 3.61 6.08 5.1 4.12 3.16 2.24 1.41 1 1.41 2.24 3.16 6 5 4 3 2 1 99999 1 2 3 6.08 5.1 4.12 3.16 2.24 1.41 1 1.41 2.24 3.16 6.32 5.39 4.47 3.61 2.83 2.24 2 2.24 2.83 3.61 6.71 5.83 5 4.24 3.61 3.16 3 3.16 3.61 4.24 7.21 6.4 5.66 5 4.47 4.12 4 4.12 4.47 5 7.81 7.07 6.4 5.83 5.39 5.1 5 5.1 5.39 5.83 8.49 7.81 7.21 6.71 6.32 6.08 6 6.08 6.32 6.71 
4.95 4.3 3.54 2.92 2.55 6.52 3.54 1.58 1.58 6.96 4.3 4.74 4.74 5.52 6.96 7.62 6.71 5.83 5 4.24 3.61 3.16 3 3.16 3.61 7.28 6.32 5.39 4.47 3.61 2.83 2.24 2 2.24 2.83 7.07 6.08 5.1 4.12 3.16 2.24 1.41 1 1.41 2.24 7 6 5 4 3 2 1 99999 1 2 7.07 6.08 5.1 4.12 3.16 2.24 1.41 1 1.41 2.24 7.28 6.32 5.39 4.47 3.61 2.83 2.24 2 2.24 2.83 7.62 6.71 5.83 5 4.24 3.61 3.16 3 3.16 3.61 8.06 7.21 6.4 5.66 5 4.47 4.12 4 4.12 4.47 8.6 7.81 7.07 6.4 5.83 5.39 5.1 5 5.1 5.39 9.22 8.49 7.81 7.21 6.71 6.32 6.08 6 6.08 6.32 
5.7 3.81 4.3 3.81 3.54 7.52 4.53 2.55 2.12 7.91 4.95 5.15 4.53 5.7 6.67 8.54 7.62 6.71 5.83 5 4.24 3.61 3.16 3 3.16 8.25 7.28 6.32 5.39 4.47 3.61 2.83 2.24 2 2.24 8.06 7.07 6.08 5.1 4.12 3.16 2.24 1.41 1 1.41 8 7 6 5 4 3 2 1 99999 1 8.06 7.07 6.08 5.1 4.12 3.16 2.24 1.41 1 1.41 8.25 7.28 6.32 5.39 4.47 3.61 2.83 2.24 2 2.24 8.54 7.62 6.71 5.83 5 4.24 3.61 3.16 3 3.16 8.94 8.06 7.21 6.4 5.66 5 4.47 4.12 4 4.12 9.43 8.6 7.81 7.07 6.4 5.83 5.39 5.1 5 5.1 10 9.22 8.49 7.81 7.21 6.71 6.32 6.08 6 6.08 
6.52 3.54 5.15 4.74 4.53 8.51 5.52 3.54 2.92 8.86 5.7 5.7 4.53 6.04 6.52 9.49 8.54 7.62 6.71 5.83 5 4.24 3.61 3.16 3 9.22 8.25 7.28 6.32 5.39 4.47 3.61 2.83 2.24 2 9.06 8.06 7.07 6.08 5.1 4.12 3.16 2.24 1.41 1 9 8 7 6 5 4 3 2 1 99999 9.06 8.06 7.07 6.08 5.1 4.12 3.16 2.24 1.41 1 9.22 8.25 7.28 6.32 5.39 4.47 3.61 2.83 2.24 2 9.49 8.54 7.62 6.71 5.83 5 4.24 3.61 3.16 3 9.85 8.94 8.06 7.21 6.4 5.66 5 4.47 4.12 4 10.3 9.43 8.6 7.81 7.07 6.4 5.83 5.39 5.1 5 10.82 10 9.22 8.49 7.81 7.21 6.71 6.32 6.08 6 
5.7 10.51 5.7 5.15 4.74 0.71 3.54 5.52 6.52 1.58 5.15 6.52 9.19 7.91 10.98 4 4.12 4.47 5 5.66 6.4 7.21 8.06 8.94 9.85 3 3.16 3.61 4.24 5 5.83 6.71 7.62 8.54 9.49 2 2.24 2.83 3.61 4.47 5.39 6.32 7.28 8.25 9.22 1 1.41 2.24 3.16 4.12 5.1 6.08 7.07 8.06 9.06 99999 1 2 3 4 5 6 7 8 9 1 1.41 2.24 3.16 4.12 5.1 6.08 7.07 8.06 9.06 2 2.24 2.83 3.61 4.47 5.39 6.32 7.28 8.25 9.22 3 3.16 3.61 4.24 5 5.83 6.71 7.62 8.54 9.49 4 4.12 4.47 5 5.66 6.4 7.21 8.06 8.94 9.85 5 5.1 5.39 5.83 6.4 7.07 7.81 8.6 9.43 10.3 
5.15 9.62 4.95 4.3 3.81 0.71 2.55 4.53 5.52 1.58 4.3 5.7 8.28 7.11 10.12 4.12 4 4.12 4.47 5 5.66 6.4 7.21 8.06 8.94 3.16 3 3.16 3.61 4.24 5 5.83 6.71 7.62 8.54 2.24 2 2.24 2.83 3.61 4.47 5.39 6.32 7.28 8.25 1.41 1 1.41 2.24 3.16 4.12 5.1 6.08 7.07 8.06 1 99999 1 2 3 4 5 6 7 8 1.41 1 1.41 2.24 3.16 4.12 5.1 6.08 7.07 8.06 2.24 2 2.24 2.83 3.61 4.47 5.39 6.32 7.28 8.25 3.16 3 3.16 3.61 4.24 5 5.83 6.71 7.62 8.54 4.12 4 4.12 4.47 5 5.66 6.4 7.21 8.06 8.94 5.1 5 5.1 5.39 5.83 6.4 7.07 7.81 8.6 9.43 
4.74 8.75 4.3 3.54 2.92 1.58 1.58 3.54 4.53 2.12 3.54 4.95 7.38 6.36 9.3 4.47 4.12 4 4.12 4.47 5 5.66 6.4 7.21 8.06 3.61 3.16 3 3.16 3.61 4.24 5 5.83 6.71 7.62 2.83 2.24 2 2.24 2.83 3.61 4.47 5.39 6.32 7.28 2.24 1.41 1 1.41 2.24 3.16 4.12 5.1 6.08 7.07 2 1 99999 1 2 3 4 5 6 7 2.24 1.41 1 1.41 2.24 3.16 4.12 5.1 6.08 7.07 2.83 2.24 2 2.24 2.83 3.61 4.47 5.39 6.32 7.28 3.61 3.16 3 3.16 3.61 4.24 5 5.83 6.71 7.62 4.47 4.12 4 4.12 4.47 5 5.66 6.4 7.21 8.06 5.39 5.1 5 5.1 5.39 5.83 6.4 7.07 7.81 8.6 
4.53 7.91 3.81 2.92 2.12 2.55 0.71 2.55 3.54 2.92 2.92 4.3 6.52 5.7 8.51 5 4.47 4.12 4 4.12 4.47 5 5.66 6.4 7.21 4.24 3.61 3.16 3 3.16 3.61 4.24 5 5.83 6.71 3.61 2.83 2.24 2 2.24 2.83 3.61 4.47 5.39 6.32 3.16 2.24 1.41 1 1.41 2.24 3.16 4.12 5.1 6.08 3 2 1 99999 1 2 3 4 5 6 3.16 2.24 1.41 1 1.41 2.24 3.16 4.12 5.1 6.08 3.61 2.83 2.24 2 2.24 2.83 3.61 4.47 5.39 6.32 4.24 3.61 3.16 3 3.16 3.61 4.24 5 5.83 6.71 5 4.47 4.12 4 4.12 4.47 5 5.66 6.4 7.21 5.83 5.39 5.1 5 5.1 5.39 5.83 6.4 7.07 7.81 
4.53 7.11 3.54 2.55 1.58 3.54 0.71 1.58 2.55 3.81 2.55 3.81 5.7 5.15 7.78 5.66 5 4.47 4.12 4 4.12 4.47 5 5.66 6.4 5 4.24 3.61 3.16 3 3.16 3.61 4.24 5 5.83 4.47 3.61 2.83 2.24 2 2.24 2.83 3.61 4.47 5.39 4.12 3.16 2.24 1.41 1 1.41 2.24 3.16 4.12 5.1 4 3 2 1 99999 1 2 3 4 5 4.12 3.16 2.24 1.41 1 1.41 2.24 3.16 4.12 5.1 4.47 3.61 2.83 2.24 2 2.24 2.83 3.61 4.47 5.39 5 4.24 3.61 3.16 3 3.16 3.61 4.24 5 5.83 5.66 5 4.47 4.12 4 4.12 4.47 5 5.66 6.4 6.4 5.83 5.39 5.1 5 5.1 5.39 5.83 6.4 7.07 
4.74 6.36 3.54 2.55 1.58 4.53 1.58 0.71 1.58 4.74 2.55 3.54 4.95 4.74 7.11 6.4 5.66 5 4.47 4.12 4 4.12 4.47 5 5.66 5.83 5 4.24 3.61 3.16 3 3.16 3.61 4.24 5 5.39 4.47 3.61 2.83 2.24 2 2.24 2.83 3.61 4.47 5.1 4.12 3.16 2.24 1.41 1 1.41 2.24 3.16 4.12 5 4 3 2 1 99999 1 2 3 4 5.1 4.12 3.16 2.24 1.41 1 1.41 2.24 3.16 4.12 5.39 4.47 3.61 2.83 2.24 2 2.24 2.83 3.61 4.47 5.83 5 4.24 3.61 3.16 3 3.16 3.61 4.24 5 6.4 5.66 5 4.47 4.12 4 4.12 4.47 5 5.66 7.07 6.4 5.83 5.39 5.1 5 5.1 5.39 5.83 6.4 
5.15 5.7 3.81 2.92 2.12 5.52 2.55 0.71 0.71 5.7 2.92 3.54 4.3 4.53 6.52 7.21 6.4 5.66 5 4.47 4.12 4 4.12 4.47 5 6.71 5.83 5 4.24 3.61 3.16 3 3.16 3.61 4.24 6.32 5.39 4.47 3.61 2.83 2.24 2 2.24 2.83 3.61 6.08 5.1 4.12 3.16 2.24 1.41 1 1.41 2.24 3.16 6 5 4 3 2 1 99999 1 2 3 6.08 5.1 4.12 3.16 2.24 1.41 1 1.41 2.24 3.16 6.32 5.39 4.47 3.61 2.83 2.24 2 2.24 2.83 3.61 6.71 5.83 5 4.24 3.61 3.16 3 3.16 3.61 4.24 7.21 6.4 5.66 5 4.47 4.12 4 4.12 4.47 5 7.81 7.07 6.4 5.83 5.39 5.1 5 5.1 5.39 5.83 
5.7 5.15 4.3 3.54 2.92 6.52 3.54 1.58 0.71 6.67 3.54 3.81 3.81 4.53 6.04 8.06 7.21 6.4 5.66 5 4.47 4.12 4 4.12 4.47 7.62 6.71 5.83 5 4.24 3.61 3.16 3 3.16 3.61 7.28 6.32 5.39 4.47 3.61 2.83 2.24 2 2.24 2.83 7.07 6.08 5.1 4.12 3.16 2.24 1.41 1 1.41 2.24 7 6 5 4 3 2 1 99999 1 2 7.07 6.08 5.1 4.12 3.16 2.24 1.41 1 1.41 2.24 7.28 6.32 5.39 4.47 3.61 2.83 2.24 2 2.24 2.83 7.62 6.71 5.83 5 4.24 3.61 3.16 3 3.16 3.61 8.06 7.21 6.4 5.66 5 4.47 4.12 4 4.12 4.47 8.6 7.81 7.07 6.4 5.83 5.39 5.1 5 5.1 5.39 
6.36 4.74 4.95 4.3 3.81 7.52 4.53 2.55 1.58 7.65 4.3 4.3 3.54 4.74 5.7 8.94 8.06 7.21 6.4 5.66 5 4.47 4.12 4 4.12 8.54 7.62 6.71 5.83 5 4.24 3.61 3.16 3 3.16 8.25 7.28 6.32 5.39 4.47 3.61 2.83 2.24 2 2.24 8.06 7.07 6.08 5.1 4.12 3.16 2.24 1.41 1 1.41 8 7 6 5 4 3 2 1 99999 1 8.06 7.07 6.08 5.1 4.12 3.16 2.24 1.41 1 1.41 8.25 7.28 6.32 5.39 4.47 3.61 2.83 2.24 2 2.24 8.54 7.62 6.71 5.83 5 4.24 3.61 3.16 3 3.16 8.94 8.06 7.21 6.4 5.66 5 4.47 4.12 4 4.12 9.43 8.6 7.81 7.07 6.4 5.83 5.39 5.1 5 5.1 
7.11 4.53 5.7 5.15 4.74 8.51 5.52 3.54 2.55 8.63 5.15 4.95 3.54 5.15 5.52 9.85 8.94 8.06 7.21 6.4 5.66 5 4.47 4.12 4 9.49 8.54 7.62 6.71 5.83 5 4.24 3.61 3.16 3 9.22 8.25 7.28 6.32 5.39 4.47 3.61 2.83 2.24 2 9.06 8.06 7.07 6.08 5.1 4.12 3.16 2.24 1.41 1 9 8 7 6 5 4 3 2 1 99999 9.06 8.06 7.07 6.08 5.1 4.12 3.16 2.24 1.41 1 9.22 8.25 7.28 6.32 5.39 4.47 3.61 2.83 2.24 2 9.49 8.54 7.62 6.71 5.83 5 4.24 3.61 3.16 3 9.85 8.94 8.06 7.21 6.4 5.66 5 4.47 4.12 4 10.3 9.43 8.6 7.81 7.07 6.4 5.83 5.39 5.1 5 
6.52 10.98 6.36 5.7 5.15 1.58 3.81 5.7 6.52 0.71 4.74 6.04 8.86 7.38 10.51 5 5.1 5.39 5.83 6.4 7.07 7.81 8.6 9.43 10.3 4 4.12 4.47 5 5.66 6.4 7.21 8.06 8.94 9.85 3 3.16 3.61 4.24 5 5.83 6.71 7.62 8.54 9.49 2 2.24 2.83 3.61 4.47 5.39 6.32 7.28 8.25 9.22 1 1.41 2.24 3.16 4.12 5.1 6.08 7.07 8.06 9.06 99999 1 2 3 4 5 6 7 8 9 1 1.41 2.24 3.16 4.12 5.1 6.08 7.07 8.06 9.06 2 2.24 2.83 3.61 4.47 5.39 6.32 7.28 8.25 9.22 3 3.16 3.61 4.24 5 5.83 6.71 7.62 8.54 9.49 4 4.12 4.47 5 5.66 6.4 7.21 8.06 8.94 9.85 
6.04 10.12 5.7 4.95 4.3 1.58 2.92 4.74 5.52 0.71 3.81 5.15 7.91 6.52 9.62 5.1 5 5.1 5.39 5.83 6.4 7.07 7.81 8.6 9.43 4.12 4 4.12 4.47 5 5.66 6.4 7.21 8.06 8.94 3.16 3 3.16 3.61 4.24 5 5.83 6.71 7.62 8.54 2.24 2 2.24 2.83 3.61 4.47 5.39 6.32 7.28 8.25 1.41 1 1.41 2.24 3.16 4.12 5.1 6.08 7.07 8.06 1 99999 1 2 3 4 5 6 7 8 1.41 1 1.41 2.24 3.16 4.12 5.1 6.08 7.07 8.06 2.24 2 2.24 2.83 3.61 4.47 5.39 6.32 7.28 8.25 3.16 3 3.16 3.61 4.24 5 5.83 6.71 7.62 8.54 4.12 4 4.12 4.47 5 5.66 6.4 7.21 8.06 8.94 
5.7 9.3 5.15 4.3 3.54 2.12 2.12 3.81 4.53 1.58 2.92 4.3 6.96 5.7 8.75 5.39 5.1 5 5.1 5.39 5.83 6.4 7.07 7.81 8.6 4.47 4.12 4 4.12 4.47 5 5.66 6.4 7.21 8.06 3.61 3.16 3 3.16 3.61 4.24 5 5.83 6.71 7.62 2.83 2.24 2 2.24 2.83 3.61 4.47 5.39 6.32 7.28 2.24 1.41 1 1.41 2.24 3.16 4.12 5.1 6.08 7.07 2 1 99999 1 2 3 4 5 6 7 2.24 1.41 1 1.41 2.24 3.16 4.12 5.1 6.08 7.07 2.83 2.24 2 2.24 2.83 3.61 4.47 5.39 6.32 7.28 3.61 3.16 3 3.16 3.61 4.24 5 5.83 6.71 7.62 4.47 4.12 4 4.12 4.47 5 5.66 6.4 7.21 8.06 
5.52 8.51 4.74 3.81 2.92 2.92 1.58 2.92 3.54 2.55 2.12 3.54 6.04 4.95 7.91 5.83 5.39 5.1 5 5.1 5.39 5.83 6.4 7.07 7.81 5 4.47 4.12 4 4.12 4.47 5 5.66 6.4 7.21 4.24 3.61 3.16 3 3.16 3.61 4.24 5 5.83 6.71 3.61 2.83 2.24 2 2.24 2.83 3.61 4.47 5.39 6.32 3.16 2.24 1.41 1 1.41 2.24 3.16 4.12 5.1 6.08 3 2 1 99999 1 2 3 4 5 6 3.16 2.24 1.41 1 1.41 2.24 3.16 4.12 5.1 6.08 3.61 2.83 2.24 2 2.24 2.83 3.61 4.47 5.39 6.32 4.24 3.61 3.16 3 3.16 3.61 4.24 5 5.83 6.71 5 4.47 4.12 4 4.12 4.47 5 5.66 6.4 7.21 
5.52 7.78 4.53 3.54 2.55 3.81 1.58 2.12 2.55 3.54 1.58 2.92 5.15 4.3 7.11 6.4 5.83 5.39 5.1 5 5.1 5.39 5.83 6.4 7.07 5.66 5 4.47 4.12 4 4.12 4.47 5 5.66 6.4 5 4.24 3.61 3.16 3 3.16 3.61 4.24 5 5.83 4.47 3.61 2.83 2.24 2 2.24 2.83 3.61 4.47 5.39 4.12 3.16 2.24 1.41 1 1.41 2.24 3.16 4.12 5.1 4 3 2 1 99999 1 2 3 4 5 4.12 3.16 2.24 1.41 1 1.41 2.24 3.16 4.12 5.1 4.47 3.61 2.83 2.24 2 2.24 2.83 3.61 4.47 5.39 5 4.24 3.61 3.16 3 3.16 3.61 4.24 5 5.83 5.66 5 4.47 4.12 4 4.12 4.47 5 5.66 6.4 
5.7 7.11 4.53 3.54 2.55 4.74 2.12 1.58 1.58 4.53 1.58 2.55 4.3 3.81 6.36 7.07 6.4 5.83 5.39 5.1 5 5.1 5.39 5.83 6.4 6.4 5.66 5 4.47 4.12 4 4.12 4.47 5 5.66 5.83 5 4.24 3.61 3.16 3 3.16 3.61 4.24 5 5.39 4.47 3.61 2.83 2.24 2 2.24 2.83 3.61 4.47 5.1 4.12 3.16 2.24 1.41 1 1.41 2.24 3.16 4.12 5 4 3 2 1 99999 1 2 3 4 5.1 4.12 3.16 2.24 1.41 1 1.41 2.24 3.16 4.12 5.39 4.47 3.61 2.83 2.24 2 2.24 2.83 3.61 4.47 5.83 5 4.24 3.61 3.16 3 3.16 3.61 4.24 5 6.4 5.66 5 4.47 4.12 4 4.12 4.47 5 5.66 
6.04 6.52 4.74 3.81 2.92 5.7 2.92 1.58 0.71 5.52 2.12 2.55 3.54 3.54 5.7 7.81 7.07 6.4 5.83 5.39 5.1 5 5.1 5.39 5.83 7.21 6.4 5.66 5 4.47 4.12 4 4.12 4.47 5 6.71 5.83 5 4.24 3.61 3.16 3 3.16 3.61 4.24 6.32 5.39 4.47 3.61 2.83 2.24 2 2.24 2.83 3.61 6.08 5.1 4.12 3.16 2.24 1.41 1 1.41 2.24 3.16 6 5 4 3 2 1 99999 1 2 3 6.08 5.1 4.12 3.16 2.24 1.41 1 1.41 2.24 3.16 6.32 5.39 4.47 3.61 2.83 2.24 2 2.24 2.83 3.61 6.71 5.83 5 4.24 3.61 3.16 3 3.16 3.61 4.24 7.21 6.4 5.66 5 4.47 4.12 4 4.12 4.47 5 
6.52 6.04 5.15 4.3 3.54 6.67 3.81 2.12 0.71 6.52 2.92 2.92 2.92 3.54 5.15 8.6 7.81 7.07 6.4 5.83 5.39 5.1 5 5.1 5.39 8.06 7.21 6.4 5.66 5 4.47 4.12 4 4.12 4.47 7.62 6.71 5.83 5 4.24 3.61 3.16 3 3.16 3.61 7.28 6.32 5.39 4.47 3.61 2.83 2.24 2 2.24 2.83 7.07 6.08 5.1 4.12 3.16 2.24 1.41 1 1.41 2.24 7 6 5 4 3 2 1 99999 1 2 7.07 6.08 5.1 4.12 3.16 2.24 1.41 1 1.41 2.24 7.28 6.32 5.39 4.47 3.61 2.83 2.24 2 2.24 2.83 7.62 6.71 5.83 5 4.24 3.61 3.16 3 3.16 3.61 8.06 7.21 6.4 5.66 5 4.47 4.12 4 4.12 4.47 
7.11 5.7 5.7 4.95 4.3 7.65 4.74 2.92 1.58 7.52 3.81 3.54 2.55 3.81 4.74 9.43 8.6 7.81 7.07 6.4 5.83 5.39 5.1 5 5.1 8.94 8.06 7.21 6.4 5.66 5 4.47 4.12 4 4.12 8.54 7.62 6.71 5.83 5 4.24 3.61 3.16 3 3.16 8.25 7.28 6.32 5.39 4.47 3.61 2.83 2.24 2 2.24 8.06 7.07 6.08 5.1 4.12 3.16 2.24 1.41 1 1.41 8 7 6 5 4 3 2 1 99999 1 8.06 7.07 6.08 5.1 4.12 3.16 2.24 1.41 1 1.41 8.25 7.28 6.32 5.39 4.47 3.61 2.83 2.24 2 2.24 8.54 7.62 6.71 5.83 5 4.24 3.61 3.16 3 3.16 8.94 8.06 7.21 6.4 5.66 5 4.47 4.12 4 4.12 
7.78 5.52 6.36 5.7 5.15 8.63 5.7 3.81 2.55 8.51 4.74 4.3 2.55 4.3 4.53 10.3 9.43 8.6 7.81 7.07 6.4 5.83 5.39 5.1 5 9.85 8.94 8.06 7.21 6.4 5.66 5 4.47 4.12 4 9.49 8.54 7.62 6.71 5.83 5 4.24 3.61 3.16 3 9.22 8.25 7.28 6.32 5.39 4.47 3.61 2.83 2.24 2 9.06 8.06 7.07 6.08 5.1 4.12 3.16 2.24 1.41 1 9 8 7 6 5 4 3 2 1 99999 9.06 8.06 7.07 6.08 5.1 4.12 3.16 2.24 1.41 1 9.22 8.25 7.28 6.32 5.39 4.47 3.61 2.83 2.24 2 9.49 8.54 7.62 6.71 5.83 5 4.24 3.61 3.16 3 9.85 8.94 8.06 7.21 6.4 5.66 5 4.47 4.12 4 
7.38 11.51 7.11 6.36 5.7 2.55 4.3 6.04 6.67 0.71 4.53 5.7 8.63 6.96 10.12 6 6.08 6.32 6.71 7.21 7.81 8.49 9.22 10 10.82 5 5.1 5.39 5.83 6.4 7.07 7.81 8.6 9.43 10.3 4 4.12 4.47 5 5.66 6.4 7.21 8.06 8.94 9.85 3 3.16 3.61 4.24 5 5.83 6.71 7.62 8.54 9.49 2 2.24 2.83 3.61 4.47 5.39 6.32 7.28 8.25 9.22 1 1.41 2.24 3.16 4.12 5.1 6.08 7.07 8.06 9.06 99999 1 2 3 4 5 6 7 8 9 1 1.41 2.24 3.16 4.12 5.1 6.08 7.07 8.06 9.06 2 2.24 2.83 3.61 4.47 5.39 6.32 7.28 8.25 9.22 3 3.16 3.61 4.24 5 5.83 6.71 7.62 8.54 9.49 
6.96 10.7 6.52 5.7 4.95 2.55 3.54 5.15 5.7 0.71 3.54 4.74 7.65 6.04 9.19 6.08 6 6.08 6.32 6.71 7.21 7.81 8.49 9.22 10 5.1 5 5.1 5.39 5.83 6.4 7.07 7.81 8.6 9.43 4.12 4 4.12 4.47 5 5.66 6.4 7.21 8.06 8.94 3.16 3 3.16 3.61 4.24 5 5.83 6.71 7.62 8.54 2.24 2 2.24 2.83 3.61 4.47 5.39 6.32 7.28 8.25 1.41 1 1.41 2.24 3.16 4.12 5.1 6.08 7.07 8.06 1 99999 1 2 3 4 5 6 7 8 1.41 1 1.41 2.24 3.16 4.12 5.1 6.08 7.07 8.06 2.24 2 2.24 2.83 3.61 4.47 5.39 6.32 7.28 8.25 3.16 3 3.16 3.61 4.24 5 5.83 6.71 7.62 8.54 
6.67 9.92 6.04 5.15 4.3 2.92 2.92 4.3 4.74 1.58 2.55 3.81 6.67 5.15 8.28 6.32 6.08 6 6.08 6.32 6.71 7.21 7.81 8.49 9.22 5.39 5.1 5 5.1 5.39 5.83 6.4 7.07 7.81 8.6 4.47 4.12 4 4.12 4.47 5 5.66 6.4 7.21 8.06 3.61 3.16 3 3.16 3.61 4.24 5 5.83 6.71 7.62 2.83 2.24 2 2.24 2.83 3.61 4.47 5.39 6.32 7.28 2.24 1.41 1 1.41 2.24 3.16 4.12 5.1 6.08 7.07 2 1 99999 1 2 3 4 5 6 7 2.24 1.41 1 1.41 2.24 3.16 4.12 5.1 6.08 7.07 2.83 2.24 2 2.24 2.83 3.61 4.47 5.39 6.32 7.28 3.61 3.16 3 3.16 3.61 4.24 5 5.83 6.71 7.62 
6.52 9.19 5.7 4.74 3.81 3.54 2.55 3.54 3.81 2.55 1.58 2.92 5.7 4.3 7.38 6.71 6.32 6.08 6 6.08 6.32 6.71 7.21 7.81 8.49 5.83 5.39 5.1 5 5.1 5.39 5.83 6.4 7.07 7.81 5 4.47 4.12 4 4.12 4.47 5 5.66 6.4 7.21 4.24 3.61 3.16 3 3.16 3.61 4.24 5 5.83 6.71 3.61 2.83 2.24 2 2.24 2.83 3.61 4.47 5.39 6.32 3.16 2.24 1.41 1 1.41 2.24 3.16 4.12 5.1 6.08 3 2 1 99999 1 2 3 4 5 6 3.16 2.24 1.41 1 1.41 2.24 3.16 4.12 5.1 6.08 3.61 2.83 2.24 2 2.24 2.83 3.61 4.47 5.39 6.32 4.24 3.61 3.16 3 3.16 3.61 4.24 5 5.83 6.71 
6.52 8.51 5.52 4.53 3.54 4.3 2.55 2.92 2.92 3.54 0.71 2.12 4.74 3.54 6.52 7.21 6.71 6.32 6.08 6 6.08 6.32 6.71 7.21 7.81 6.4 5.83 5.39 5.1 5 5.1 5.39 5.83 6.4 7.07 5.66 5 4.47 4.12 4 4.12 4.47 5 5.66 6.4 5 4.24 3.61 3.16 3 3.16 3.61 4.24 5 5.83 4.47 3.61 2.83 2.24 2 2.24 2.83 3.61 4.47 5.39 4.12 3.16 2.24 1.41 1 1.41 2.24 3.16 4.12 5.1 4 3 2 1 99999 1 2 3 4 5 4.12 3.16 2.24 1.41 1 1.41 2.24 3.16 4.12 5.1 4.47 3.61 2.83 2.24 2 2.24 2.83 3.61 4.47 5.39 5 4.24 3.61 3.16 3 3.16 3.61 4.24 5 5.83 
6.67 7.91 5.52 4.53 3.54 5.15 2.92 2.55 2.12 4.53 0.71 1.58 3.81 2.92 5.7 7.81 7.21 6.71 6.32 6.08 6 6.08 6.32 6.71 7.21 7.07 6.4 5.83 5.39 5.1 5 5.1 5.39 5.83 6.4 6.4 5.66 5 4.47 4.12 4 4.12 4.47 5 5.66 5.83 5 4.24 3.61 3.16 3 3.16 3.61 4.24 5 5.39 4.47 3.61 2.83 2.24 2 2.24 2.83 3.61 4.47 5.1 4.12 3.16 2.24 1.41 1 1.41 2.24 3.16 4.12 5 4 3 2 1 99999 1 2 3 4 5.1 4.12 3.16 2.24 1.41 1 1.41 2.24 3.16 4.12 5.39 4.47 3.61 2.83 2.24 2 2.24 2.83 3.61 4.47 5.83 5 4.24 3.61 3.16 3 3.16 3.61 4.24 5 
6.96 7.38 5.7 4.74 3.81 6.04 3.54 2.55 1.58 5.52 1.58 1.58 2.92 2.55 4.95 8.49 7.81 7.21 6.71 6.32 6.08 6 6.08 6.32 6.71 7.81 7.07 6.4 5.83 5.39 5.1 5 5.1 5.39 5.83 7.21 6.4 5.66 5 4.47 4.12 4 4.12 4.47 5 6.71 5.83 5 4.24 3.61 3.16 3 3.16 3.61 4.24 6.32 5.39 4.47 3.61 2.83 2.24 2 2.24 2.83 3.61 6.08 5.1 4.12 3.16 2.24 1.41 1 1.41 2.24 3.16 6 5 4 3 2 1 99999 1 2 3 6.08 5.1 4.12 3.16 2.24 1.41 1 1.41 2.24 3.16 6.32 5.39 4.47 3.61 2.83 2.24 2 2.24 2.83 3.61 6.71 5.83 5 4.24 3.61 3.16 3 3.16 3.61 4.24 
7.38 6.96 6.04 5.15 4.3 6.96 4.3 2.92 1.58 6.52 2.55 2.12 2.12 2.55 4.3 9.22 8.49 7.81 7.21 6.71 6.32 6.08 6 6.08 6.32 8.6 7.81 7.07 6.4 5.83 5.39 5.1 5 5.1 5.39 8.06 7.21 6.4 5.66 5 4.47 4.12 4 4.12 4.47 7.62 6.71 5.83 5 4.24 3.61 3.16 3 3.16 3.61 7.28 6.32 5.39 4.47 3.61 2.83 2.24 2 2.24 2.83 7.07 6.08 5.1 4.12 3.16 2.24 1.41 1 1.41 2.24 7 6 5 4 3 2 1 99999 1 2 7.07 6.08 5.1 4.12 3.16 2.24 1.41 1 1.41 2.24 7.28 6.32 5.39 4.47 3.61 2.83 2.24 2 2.24 2.83 7.62 6.71 5.83 5 4.24 3.61 3.16 3 3.16 3.61 
7.91 6.67 6.52 5.7 4.95 7.91 5.15 3.54 2.12 7.52 3.54 2.92 1.58 2.92 3.81 10 9.22 8.49 7.81 7.21 6.71 6.32 6.08 6 6.08 9.43 8.6 7.81 7.07 6.4 5.83 5.39 5.1 5 5.1 8.94 8.06 7.21 6.4 5.66 5 4.47 4.12 4 4.12 8.54 7.62 6.71 5.83 5 4.24 3.61 3.16 3 3.16 8.25 7.28 6.32 5.39 4.47 3.61 2.83 2.24 2 2.24 8.06 7.07 6.08 5.1 4.12 3.16 2.24 1.41 1 1.41 8 7 6 5 4 3 2 1 99999 1 8.06 7.07 6.08 5.1 4.12 3.16 2.24 1.41 1 1.41 8.25 7.28 6.32 5.39 4.47 3.61 2.83 2.24 2 2.24 8.54 7.62 6.71 5.83 5 4.24 3.61 3.16 3 3.16 
8.51 6.52 7.11 6.36 5.7 8.86 6.04 4.3 2.92 8.51 4.53 3.81 1.58 3.54 3.54 10.82 10 9.22 8.49 7.81 7.21 6.71 6.32 6.08 6 10.3 9.43 8.6 7.81 7.07 6.4 5.83 5.39 5.1 5 9.85 8.94 8.06 7.21 6.4 5.66 5 4.47 4.12 4 9.49 8.54 7.62 6.71 5.83 5 4.24 3.61 3.16 3 9.22 8.25 7.28 6.32 5.39 4.47 3.61 2.83 2.24 2 9.06 8.06 7.07 6.08 5.1 4.12 3.16 2.24 1.41 1 9 8 7 6 5 4 3 2 1 99999 9.06 8.06 7.07 6.08 5.1 4.12 3.16 2.24 1.41 1 9.22 8.25 7.28 6.32 5.39 4.47 3.61 2.83 2.24 2 9.49 8.54 7.62 6.71 5.83 5 4.24 3.61 3.16 3 
8.28 12.1 7.91 7.11 6.36 3.54 4.95 6.52 6.96 1.58 4.53 5.52 8.51 6.67 9.82 7 7.07 7.28 7.62 8.06 8.6 9.22 9.9 10.63 11.4 6 6.08 6.32 6.71 7.21 7.81 8.49 9.22 10 10.82 5 5.1 5.39 5.83 6.4 7.07 7.81 8.6 9.43 10.3 4 4.12 4.47 5 5.66 6.4 7.21 8.06 8.94 9.85 3 3.16 3.61 4.24 5 5.83 6.71 7.62 8.54 9.49 2 2.24 2.83 3.61 4.47 5.39 6.32 7.28 8.25 9.22 1 1.41 2.24 3.16 4.12 5.1 6.08 7.07 8.06 9.06 99999 1 2 3 4 5 6 7 8 9 1 1.41 2.24 3.16 4.12 5.1 6.08 7.07 8.06 9.06 2 2.24 2.83 3.61 4.47 5.39 6.32 7.28 8.25 9.22 
7.91 11.34 7.38 6.52 5.7 3.54 4.3 5.7 6.04 1.58 3.54 4.53 7.52 5.7 8.86 7.07 7 7.07 7.28 7.62 8.06 8.6 9.22 9.9 10.63 6.08 6 6.08 6.32 6.71 7.21 7.81 8.49 9.22 10 5.1 5 5.1 5.39 5.83 6.4 7.07 7.81 8.6 9.43 4.12 4 4.12 4.47 5 5.66 6.4 7.21 8.06 8.94 3.16 3 3.16 3.61 4.24 5 5.83 6.71 7.62 8.54 2.24 2 2.24 2.83 3.61 4.47 5.39 6.32 7.28 8.25 1.41 1 1.41 2.24 3.16 4.12 5.1 6.08 7.07 8.06 1 99999 1 2 3 4 5 6 7 8 1.41 1 1.41 2.24 3.16 4.12 5.1 6.08 7.07 8.06 2.24 2 2.24 2.83 3.61 4.47 5.39 6.32 7.28 8.25 
7.65 10.61 6.96 6.04 5.15 3.81 3.81 4.95 5.15 2.12 2.55 3.54 6.52 4.74 7.91 7.28 7.07 7 7.07 7.28 7.62 8.06 8.6 9.22 9.9 6.32 6.08 6 6.08 6.32 6.71 7.21 7.81 8.49 9.22 5.39 5.1 5 5.1 5.39 5.83 6.4 7.07 7.81 8.6 4.47 4.12 4 4.12 4.47 5 5.66 6.4 7.21 8.06 3.61 3.16 3 3.16 3.61 4.24 5 5.83 6.71 7.62 2.83 2.24 2 2.24 2.83 3.61 4.47 5.39 6.32 7.28 2.24 1.41 1 1.41 2.24 3.16 4.12 5.1 6.08 7.07 2 1 99999 1 2 3 4 5 6 7 2.24 1.41 1 1.41 2.24 3.16 4.12 5.1 6.08 7.07 2.83 2.24 2 2.24 2.83 3.61 4.47 5.39 6.32 7.28 
7.52 9.92 6.67 5.7 4.74 4.3 3.54 4.3 4.3 2.92 1.58 2.55 5.52 3.81 6.96 7.62 7.28 7.07 7 7.07 7.28 7.62 8.06 8.6 9.22 6.71 6.32 6.08 6 6.08 6.32 6.71 7.21 7.81 8.49 5.83 5.39 5.1 5 5.1 5.39 5.83 6.4 7.07 7.81 5 4.47 4.12 4 4.12 4.47 5 5.66 6.4 7.21 4.24 3.61 3.16 3 3.16 3.61 4.24 5 5.83 6.71 3.61 2.83 2.24 2 2.24 2.83 3.61 4.47 5.39 6.32 3.16 2.24 1.41 1 1.41 2.24 3.16 4.12 5.1 6.08 3 2 1 99999 1 2 3 4 5 6 3.16 2.24 1.41 1 1.41 2.24 3.16 4.12 5.1 6.08 3.61 2.83 2.24 2 2.24 2.83 3.61 4.47 5.39 6.32 
7.52 9.3 6.52 5.52 4.53 4.95 3.54 3.81 3.54 3.81 0.71 1.58 4.53 2.92 6.04 8.06 7.62 7.28 7.07 7 7.07 7.28 7.62 8.06 8.6 7.21 6.71 6.32 6.08 6 6.08 6.32 6.71 7.21 7.81 6.4 5.83 5.39 5.1 5 5.1 5.39 5.83 6.4 7.07 5.66 5 4.47 4.12 4 4.12 4.47 5 5.66 6.4 5 4.24 3.61 3.16 3 3.16 3.61 4.24 5 5.83 4.47 3.61 2.83 2.24 2 2.24 2.83 3.61 4.47 5.39 4.12 3.16 2.24 1.41 1 1.41 2.24 3.16 4.12 5.1 4 3 2 1 99999 1 2 3 4 5 4.12 3.16 2.24 1.41 1 1.41 2.24 3.16 4.12 5.1 4.47 3.61 2.83 2.24 2 2.24 2.83 3.61 4.47 5.39 
7.65 8.75 6.52 5.52 4.53 5.7 3.81 3.54 2.92 4.74 0.71 0.71 3.54 2.12 5.15 8.6 8.06 7.62 7.28 7.07 7 7.07 7.28 7.62 8.06 7.81 7.21 6.71 6.32 6.08 6 6.08 6.32 6.71 7.21 7.07 6.4 5.83 5.39 5.1 5 5.1 5.39 5.83 6.4 6.4 5.66 5 4.47 4.12 4 4.12 4.47 5 5.66 5.83 5 4.24 3.61 3.16 3 3.16 3.61 4.24 5 5.39 4.47 3.61 2.83 2.24 2 2.24 2.83 3.61 4.47 5.1 4.12 3.16 2.24 1.41 1 1.41 2.24 3.16 4.12 5 4 3 2 1 99999 1 2 3 4 5.1 4.12 3.16 2.24 1.41 1 1.41 2.24 3.16 4.12 5.39 4.47 3.61 2.83 2.24 2 2.24 2.83 3.61 4.47 
7.91 8.28 6.67 5.7 4.74 6.52 4.3 3.54 2.55 5.7 1.58 0.71 2.55 1.58 4.3 9.22 8.6 8.06 7.62 7.28 7.07 7 7.07 7.28 7.62 8.49 7.81 7.21 6.71 6.32 6.08 6 6.08 6.32 6.71 7.81 7.07 6.4 5.83 5.39 5.1 5 5.1 5.39 5.83 7.21 6.4 5.66 5 4.47 4.12 4 4.12 4.47 5 6.71 5.83 5 4.24 3.61 3.16 3 3.16 3.61 4.24 6.32 5.39 4.47 3.61 2.83 2.24 2 2.24 2.83 3.61 6.08 5.1 4.12 3.16 2.24 1.41 1 1.41 2.24 3.16 6 5 4 3 2 1 99999 1 2 3 6.08 5.1 4.12 3.16 2.24 1.41 1 1.41 2.24 3.16 6.32 5.39 4.47 3.61 2.83 2.24 2 2.24 2.83 3.61 
8.28 7.91 6.96 6.04 5.15 7.38 4.95 3.81 2.55 6.67 2.55 1.58 1.58 1.58 3.54 9.9 9.22 8.6 8.06 7.62 7.28 7.07 7 7.07 7.28 9.22 8.49 7.81 7.21 6.71 6.32 6.08 6 6.08 6.32 8.6 7.81 7.07 6.4 5.83 5.39 5.1 5 5.1 5.39 8.06 7.21 6.4 5.66 5 4.47 4.12 4 4.12 4.47 7.62 6.71 5.83 5 4.24 3.61 3.16 3 3.16 3.61 7.28 6.32 5.39 4.47 3.61 2.83 2.24 2 2.24 2.83 7.07 6.08 5.1 4.12 3.16 2.24 1.41 1 1.41 2.24 7 6 5 4 3 2 1 99999 1 2 7.07 6.08 5.1 4.12 3.16 2.24 1.41 1 1.41 2.24 7.28 6.32 5.39 4.47 3.61 2.83 2.24 2 2.24 2.83 
8.75 7.65 7.38 6.52 5.7 8.28 5.7 4.3 2.92 7.65 3.54 2.55 0.71 2.12 2.92 10.63 9.9 9.22 8.6 8.06 7.62 7.28 7.07 7 7.07 10 9.22 8.49 7.81 7.21 6.71 6.32 6.08 6 6.08 9.43 8.6 7.81 7.07 6.4 5.83 5.39 5.1 5 5.1 8.94 8.06 7.21 6.4 5.66 5 4.47 4.12 4 4.12 8.54 7.62 6.71 5.83 5 4.24 3.61 3.16 3 3.16 8.25 7.28 6.32 5.39 4.47 3.61 2.83 2.24 2 2.24 8.06 7.07 6.08 5.1 4.12 3.16 2.24 1.41 1 1.41 8 7 6 5 4 3 2 1 99999 1 8.06 7.07 6.08 5.1 4.12 3.16 2.24 1.41 1 1.41 8.25 7.28 6.32 5.39 4.47 3.61 2.83 2.24 2 2.24 
9.3 7.52 7.91 7.11 6.36 9.19 6.52 4.95 3.54 8.63 4.53 3.54 0.71 2.92 2.55 11.4 10.63 9.9 9.22 8.6 8.06 7.62 7.28 7.07 7 10.82 10 9.22 8.49 7.81 7.21 6.71 6.32 6.08 6 10.3 9.43 8.6 7.81 7.07 6.4 5.83 5.39 5.1 5 9.85 8.94 8.06 7.21 6.4 5.66 5 4.47 4.12 4 9.49 8.54 7.62 6.71 5.83 5 4.24 3.61 3.16 3 9.22 8.25 7.28 6.32 5.39 4.47 3.61 2.83 2.24 2 9.06 8.06 7.07 6.08 5.1 4.12 3.16 2.24 1.41 1 9 8 7 6 5 4 3 2 1 99999 9.06 8.06 7.07 6.08 5.1 4.12 3.16 2.24 1.41 1 9.22 8.25 7.28 6.32 5.39 4.47 3.61 2.83 2.24 2 
9.19 12.75 8.75 7.91 7.11 4.53 5.7 7.11 7.38 2.55 4.74 5.52 8.51 6.52 9.62 8 8.06 8.25 8.54 8.94 9.43 10 10.63 11.31 12.04 7 7.07 7.28 7.62 8.06 8.6 9.22 9.9 10.63 11.4 6 6.08 6.32 6.71 7.21 7.81 8.49 9.22 10 10.82 5 5.1 5.39 5.83 6.4 7.07 7.81 8.6 9.43 10.3 4 4.12 4.47 5 5.66 6.4 7.21 8.06 8.94 9.85 3 3.16 3.61 4.24 5 5.83 6.71 7.62 8.54 9.49 2 2.24 2.83 3.61 4.47 5.39 6.32 7.28 8.25 9.22 1 1.41 2.24 3.16 4.12 5.1 6.08 7.07 8.06 9.06 99999 1 2 3 4 5 6 7 8 9 1 1.41 2.24 3.16 4.12 5.1 6.08 7.07 8.06 9.06 
8.86 12.02 8.28 7.38 6.52 4.53 5.15 6.36 6.52 2.55 3.81 4.53 7.52 5.52 8.63 8.06 8 8.06 8.25 8.54 8.94 9.43 10 10.63 11.31 7.07 7 7.07 7.28 7.62 8.06 8.6 9.22 9.9 10.63 6.08 6 6.08 6.32 6.71 7.21 7.81 8.49 9.22 10 5.1 5 5.1 5.39 5.83 6.4 7.07 7.81 8.6 9.43 4.12 4 4.12 4.47 5 5.66 6.4 7.21 8.06 8.94 3.16 3 3.16 3.61 4.24 5 5.83 6.71 7.62 8.54 2.24 2 2.24 2.83 3.61 4.47 5.39 6.32 7.28 8.25 1.41 1 1.41 2.24 3.16 4.12 5.1 6.08 7.07 8.06 1 99999 1 2 3 4 5 6 7 8 1.41 1 1.41 2.24 3.16 4.12 5.1 6.08 7.07 8.06 
8.63 11.34 7.91 6.96 6.04 4.74 4.74 5.7 5.7 2.92 2.92 3.54 6.52 4.53 7.65 8.25 8.06 8 8.06 8.25 8.54 8.94 9.43 10 10.63 7.28 7.07 7 7.07 7.28 7.62 8.06 8.6 9.22 9.9 6.32 6.08 6 6.08 6.32 6.71 7.21 7.81 8.49 9.22 5.39 5.1 5 5.1 5.39 5.83 6.4 7.07 7.81 8.6 4.47 4.12 4 4.12 4.47 5 5.66 6.4 7.21 8.06 3.61 3.16 3 3.16 3.61 4.24 5 5.83 6.71 7.62 2.83 2.24 2 2.24 2.83 3.61 4.47 5.39 6.32 7.28 2.24 1.41 1 1.41 2.24 3.16 4.12 5.1 6.08 7.07 2 1 99999 1 2 3 4 5 6 7 2.24 1.41 1 1.41 2.24 3.16 4.12 5.1 6.08 7.07 
8.51 10.7 7.65 6.67 5.7 5.15 4.53 5.15 4.95 3.54 2.12 2.55 5.52 3.54 6.67 8.54 8.25 8.06 8 8.06 8.25 8.54 8.94 9.43 10 7.62 7.28 7.07 7 7.07 7.28 7.62 8.06 8.6 9.22 6.71 6.32 6.08 6 6.08 6.32 6.71 7.21 7.81 8.49 5.83 5.39 5.1 5 5.1 5.39 5.83 6.4 7.07 7.81 5 4.47 4.12 4 4.12 4.47 5 5.66 6.4 7.21 4.24 3.61 3.16 3 3.16 3.61 4.24 5 5.83 6.71 3.61 2.83 2.24 2 2.24 2.83 3.61 4.47 5.39 6.32 3.16 2.24 1.41 1 1.41 2.24 3.16 4.12 5.1 6.08 3 2 1 99999 1 2 3 4 5 6 3.16 2.24 1.41 1 1.41 2.24 3.16 4.12 5.1 6.08 
8.51 10.12 7.52 6.52 5.52 5.7 4.53 4.74 4.3 4.3 1.58 1.58 4.53 2.55 5.7 8.94 8.54 8.25 8.06 8 8.06 8.25 8.54 8.94 9.43 8.06 7.62 7.28 7.07 7 7.07 7.28 7.62 8.06 8.6 7.21 6.71 6.32 6.08 6 6.08 6.32 6.71 7.21 7.81 6.4 5.83 5.39 5.1 5 5.1 5.39 5.83 6.4 7.07 5.66 5 4.47 4.12 4 4.12 4.47 5 5.66 6.4 5 4.24 3.61 3.16 3 3.16 3.61 4.24 5 5.83 4.47 3.61 2.83 2.24 2 2.24 2.83 3.61 4.47 5.39 4.12 3.16 2.24 1.41 1 1.41 2.24 3.16 4.12 5.1 4 3 2 1 99999 1 2 3 4 5 4.12 3.16 2.24 1.41 1 1.41 2.24 3.16 4.12 5.1 
8.63 9.62 7.52 6.52 5.52 6.36 4.74 4.53 3.81 5.15 1.58 0.71 3.54 1.58 4.74 9.43 8.94 8.54 8.25 8.06 8 8.06 8.25 8.54 8.94 8.6 8.06 7.62 7.28 7.07 7 7.07 7.28 7.62 8.06 7.81 7.21 6.71 6.32 6.08 6 6.08 6.32 6.71 7.21 7.07 6.4 5.83 5.39 5.1 5 5.1 5.39 5.83 6.4 6.4 5.66 5 4.47 4.12 4 4.12 4.47 5 5.66 5.83 5 4.24 3.61 3.16 3 3.16 3.61 4.24 5 5.39 4.47 3.61 2.83 2.24 2 2.24 2.83 3.61 4.47 5.1 4.12 3.16 2.24 1.41 1 1.41 2.24 3.16 4.12 5 4 3 2 1 99999 1 2 3 4 5.1 4.12 3.16 2.24 1.41 1 1.41 2.24 3.16 4.12 
8.86 9.19 7.65 6.67 5.7 7.11 5.15 4.53 3.54 6.04 2.12 0.71 2.55 0.71 3.81 10 9.43 8.94 8.54 8.25 8.06 8 8.06 8.25 8.54 9.22 8.6 8.06 7.62 7.28 7.07 7 7.07 7.28 7.62 8.49 7.81 7.21 6.71 6.32 6.08 6 6.08 6.32 6.71 7.81 7.07 6.4 5.83 5.39 5.1 5 5.1 5.39 5.83 7.21 6.4 5.66 5 4.47 4.12 4 4.12 4.47 5 6.71 5.83 5 4.24 3.61 3.16 3 3.16 3.61 4.24 6.32 5.39 4.47 3.61 2.83 2.24 2 2.24 2.83 3.61 6.08 5.1 4.12 3.16 2.24 1.41 1 1.41 2.24 3.16 6 5 4 3 2 1 99999 1 2 3 6.08 5.1 4.12 3.16 2.24 1.41 1 1.41 2.24 3.16 
9.19 8.86 7.91 6.96 6.04 7.91 5.7 4.74 3.54 6.96 2.92 1.58 1.58 0.71 2.92 10.63 10 9.43 8.94 8.54 8.25 8.06 8 8.06 8.25 9.9 9.22 8.6 8.06 7.62 7.28 7.07 7 7.07 7.28 9.22 8.49 7.81 7.21 6.71 6.32 6.08 6 6.08 6.32 8.6 7.81 7.07 6.4 5.83 5.39 5.1 5 5.1 5.39 8.06 7.21 6.4 5.66 5 4.47 4.12 4 4.12 4.47 7.62 6.71 5.83 5 4.24 3.61 3.16 3 3.16 3.61 7.28 6.32 5.39 4.47 3.61 2.83 2.24 2 2.24 2.83 7.07 6.08 5.1 4.12 3.16 2.24 1.41 1 1.41 2.24 7 6 5 4 3 2 1 99999 1 2 7.07 6.08 5.1 4.12 3.16 2.24 1.41 1 1.41 2.24 
9.62 8.63 8.28 7.38 6.52 8.75 6.36 5.15 3.81 7.91 3.81 2.55 0.71 1.58 2.12 11.31 10.63 10 9.43 8.94 8.54 8.25 8.06 8 8.06 10.63 9.9 9.22 8.6 8.06 7.62 7.28 7.07 7 7.07 10 9.22 8.49 7.81 7.21 6.71 6.32 6.08 6 6.08 9.43 8.6 7.81 7.07 6.4 5.83 5.39 5.1 5 5.1 8.94 8.06 7.21 6.4 5.66 5 4.47 4.12 4 4.12 8.54 7.62 6.71 5.83 5 4.24 3.61 3.16 3 3.16 8.25 7.28 6.32 5.39 4.47 3.61 2.83 2.24 2 2.24 8.06 7.07 6.08 5.1 4.12 3.16 2.24 1.41 1 1.41 8 7 6 5 4 3 2 1 99999 1 8.06 7.07 6.08 5.1 4.12 3.16 2.24 1.41 1 1.41 
10.12 8.51 8.75 7.91 7.11 9.62 7.11 5.7 4.3 8.86 4.74 3.54 0.71 2.55 1.58 12.04 11.31 10.63 10 9.43 8.94 8.54 8.25 8.06 8 11.4 10.63 9.9 9.22 8.6 8.06 7.62 7.28 7.07 7 10.82 10 9.22 8.49 7.81 7.21 6.71 6.32 6.08 6 10.3 9.43 8.6 7.81 7.07 6.4 5.83 5.39 5.1 5 9.85 8.94 8.06 7.21 6.4 5.66 5 4.47 4.12 4 9.49 8.54 7.62 6.71 5.83 5 4.24 3.61 3.16 3 9.22 8.25 7.28 6.32 5.39 4.47 3.61 2.83 2.24 2 9.06 8.06 7.07 6.08 5.1 4.12 3.16 2.24 1.41 1 9 8 7 6 5 4 3 2 1 99999 9.06 8.06 7.07 6.08 5.1 4.12 3.16 2.24 1.41 1 
10.12 13.44 9.62 8.75 7.91 5.52 6.52 7.78 7.91 3.54 5.15 5.7 8.63 6.52 9.51 9 9.06 9.22 9.49 9.85 10.3 10.82 11.4 12.04 12.73 8 8.06 8.25 8.54 8.94 9.43 10 10.63 11.31 12.04 7 7.07 7.28 7.62 8.06 8.6 9.22 9.9 10.63 11.4 6 6.08 6.32 6.71 7.21 7.81 8.49 9.22 10 10.82 5 5.1 5.39 5.83 6.4 7.07 7.81 8.6 9.43 10.3 4 4.12 4.47 5 5.66 6.4 7.21 8.06 8.94 9.85 3 3.16 3.61 4.24 5 5.83 6.71 7.62 8.54 9.49 2 2.24 2.83 3.61 4.47 5.39 6.32 7.28 8.25 9.22 1 1.41 2.24 3.16 4.12 5.1 6.08 7.07 8.06 9.06 99999 1 2 3 4 5 6 7 8 9 
9.82 12.75 9.19 8.28 7.38 5.52 6.04 7.11 7.11 3.54 4.3 4.74 7.65 5.52 8.51 9.06 9 9.06 9.22 9.49 9.85 10.3 10.82 11.4 12.04 8.06 8 8.06 8.25 8.54 8.94 9.43 10 10.63 11.31 7.07 7 7.07 7.28 7.62 8.06 8.6 9.22 9.9 10.63 6.08 6 6.08 6.32 6.71 7.21 7.81 8.49 9.22 10 5.1 5 5.1 5.39 5.83 6.4 7.07 7.81 8.6 9.43 4.12 4 4.12 4.47 5 5.66 6.4 7.21 8.06 8.94 3.16 3 3.16 3.61 4.24 5 5.83 6.71 7.62 8.54 2.24 2 2.24 2.83 3.61 4.47 5.39 6.32 7.28 8.25 1.41 1 1.41 2.24 3.16 4.12 5.1 6.08 7.07 8.06 1 99999 1 2 3 4 5 6 7 8 
9.62 12.1 8.86 7.91 6.96 5.7 5.7 6.52 6.36 3.81 3.54 3.81 6.67 4.53 7.52 9.22 9.06 9 9.06 9.22 9.49 9.85 10.3 10.82 11.4 8.25 8.06 8 8.06 8.25 8.54 8.94 9.43 10 10.63 7.28 7.07 7 7.07 7.28 7.62 8.06 8.6 9.22 9.9 6.32 6.08 6 6.08 6.32 6.71 7.21 7.81 8.49 9.22 5.39 5.1 5 5.1 5.39 5.83 6.4 7.07 7.81 8.6 4.47 4.12 4 4.12 4.47 5 5.66 6.4 7.21 8.06 3.61 3.16 3 3.16 3.61 4.24 5 5.83 6.71 7.62 2.83 2.24 2 2.24 2.83 3.61 4.47 5.39 6.32 7.28 2.24 1.41 1 1.41 2.24 3.16 4.12 5.1 6.08 7.07 2 1 99999 1 2 3 4 5 6 7 
9.51 11.51 8.63 7.65 6.67 6.04 5.52 6.04 5.7 4.3 2.92 2.92 5.7 3.54 6.52 9.49 9.22 9.06 9 9.06 9.22 9.49 9.85 10.3 10.82 8.54 8.25 8.06 8 8.06 8.25 8.54 8.94 9.43 10 7.62 7.28 7.07 7 7.07 7.28 7.62 8.06 8.6 9.22 6.71 6.32 6.08 6 6.08 6.32 6.71 7.21 7.81 8.49 5.83 5.39 5.1 5 5.1 5.39 5.83 6.4 7.07 7.81 5 4.47 4.12 4 4.12 4.47 5 5.66 6.4 7.21 4.24 3.61 3.16 3 3.16 3.61 4.24 5 5.83 6.71 3.61 2.83 2.24 2 2.24 2.83 3.61 4.47 5.39 6.32 3.16 2.24 1.41 1 1.41 2.24 3.16 4.12 5.1 6.08 3 2 1 99999 1 2 3 4 5 6 
9.51 10.98 8.51 7.52 6.52 6.52 5.52 5.7 5.15 4.95 2.55 2.12 4.74 2.55 5.52 9.85 9.49 9.22 9.06 9 9.06 9.22 9.49 9.85 10.3 8.94 8.54 8.25 8.06 8 8.06 8.25 8.54 8.94 9.43 8.06 7.62 7.28 7.07 7 7.07 7.28 7.62 8.06 8.6 7.21 6.71 6.32 6.08 6 6.08 6.32 6.71 7.21 7.81 6.4 5.83 5.39 5.1 5 5.1 5.39 5.83 6.4 7.07 5.66 5 4.47 4.12 4 4.12 4.47 5 5.66 6.4 5 4.24 3.61 3.16 3 3.16 3.61 4.24 5 5.83 4.47 3.61 2.83 2.24 2 2.24 2.83 3.61 4.47 5.39 4.12 3.16 2.24 1.41 1 1.41 2.24 3.16 4.12 5.1 4 3 2 1 99999 1 2 3 4 5 
9.62 10.51 8.51 7.52 6.52 7.11 5.7 5.52 4.74 5.7 2.55 1.58 3.81 1.58 4.53 10.3 9.85 9.49 9.22 9.06 9 9.06 9.22 9.49 9.85 9.43 8.94 8.54 8.25 8.06 8 8.06 8.25 8.54 8.94 8.6 8.06 7.62 7.28 7.07 7 7.07 7.28 7.62 8.06 7.81 7.21 6.71 6.32 6.08 6 6.08 6.32 6.71 7.21 7.07 6.4 5.83 5.39 5.1 5 5.1 5.39 5.83 6.4 6.4 5.66 5 4.47 4.12 4 4.12 4.47 5 5.66 5.83 5 4.24 3.61 3.16 3 3.16 3.61 4.24 5 5.39 4.47 3.61 2.83 2.24 2 2.24 2.83 3.61 4.47 5.1 4.12 3.16 2.24 1.41 1 1.41 2.24 3.16 4.12 5 4 3 2 1 99999 1 2 3 4 
9.82 10.12 8.63 7.65 6.67 7.78 6.04 5.52 4.53 6.52 2.92 1.58 2.92 0.71 3.54 10.82 10.3 9.85 9.49 9.22 9.06 9 9.06 9.22 9.49 10 9.43 8.94 8.54 8.25 8.06 8 8.06 8.25 8.54 9.22 8.6 8.06 7.62 7.28 7.07 7 7.07 7.28 7.62 8.49 7.81 7.21 6.71 6.32 6.08 6 6.08 6.32 6.71 7.81 7.07 6.4 5.83 5.39 5.1 5 5.1 5.39 5.83 7.21 6.4 5.66 5 4.47 4.12 4 4.12 4.47 5 6.71 5.83 5 4.24 3.61 3.16 3 3.16 3.61 4.24 6.32 5.39 4.47 3.61 2.83 2.24 2 2.24 2.83 3.61 6.08 5.1 4.12 3.16 2.24 1.41 1 1.41 2.24 3.16 6 5 4 3 2 1 99999 1 2 3 
10.12 9.82 8.86 7.91 6.96 8.51 6.52 5.7 4.53 7.38 3.54 2.12 2.12 0.71 2.55 11.4 10.82 10.3 9.85 9.49 9.22 9.06 9 9.06 9.22 10.63 10 9.43 8.94 8.54 8.25 8.06 8 8.06 8.25 9.9 9.22 8.6 8.06 7.62 7.28 7.07 7 7.07 7.28 9.22 8.49 7.81 7.21 6.71 6.32 6.08 6 6.08 6.32 8.6 7.81 7.07 6.4 5.83 5.39 5.1 5 5.1 5.39 8.06 7.21 6.4 5.66 5 4.47 4.12 4 4.12 4.47 7.62 6.71 5.83 5 4.24 3.61 3.16 3 3.16 3.61 7.28 6.32 5.39 4.47 3.61 2.83 2.24 2 2.24 2.83 7.07 6.08 5.1 4.12 3.16 2.24 1.41 1 1.41 2.24 7 6 5 4 3 2 1 99999 1 2 
10.51 9.62 9.19 8.28 7.38 9.3 7.11 6.04 4.74 8.28 4.3 2.92 1.58 1.58 1.58 12.04 11.4 10.82 10.3 9.85 9.49 9.22 9.06 9 9.06 11.31 10.63 10 9.43 8.94 8.54 8.25 8.06 8 8.06 10.63 9.9 9.22 8.6 8.06 7.62 7.28 7.07 7 7.07 10 9.22 8.49 7.81 7.21 6.71 6.32 6.08 6 6.08 9.43 8.6 7.81 7.07 6.4 5.83 5.39 5.1 5 5.1 8.94 8.06 7.21 6.4 5.66 5 4.47 4.12 4 4.12 8.54 7.62 6.71 5.83 5 4.24 3.61 3.16 3 3.16 8.25 7.28 6.32 5.39 4.47 3.61 2.83 2.24 2 2.24 8.06 7.07 6.08 5.1 4.12 3.16 2.24 1.41 1 1.41 8 7 6 5 4 3 2 1 99999 1 
10.98 9.51 9.62 8.75 7.91 10.12 7.78 6.52 5.15 9.19 5.15 3.81 1.58 2.55 0.71 12.73 12.04 11.4 10.82 10.3 9.85 9.49 9.22 9.06 9 12.04 11.31 10.63 10 9.43 8.94 8.54 8.25 8.06 8 11.4 10.63 9.9 9.22 8.6 8.06 7.62 7.28 7.07 7 10.82 10 9.22 8.49 7.81 7.21 6.71 6.32 6.08 6 10.3 9.43 8.6 7.81 7.07 6.4 5.83 5.39 5.1 5 9.85 8.94 8.06 7.21 6.4 5.66 5 4.47 4.12 4 9.49 8.54 7.62 6.71 5.83 5 4.24 3.61 3.16 3 9.22 8.25 7.28 6.32 5.39 4.47 3.61 2.83 2.24 2 9.06 8.06 7.07 6.08 5.1 4.12 3.16 2.24 1.41 1 9 8 7 6 5 4 3 2 1 99999 
