64 8 0 4 49
2 10 1 5
150 10 0 6

0 4 18 19 26 27
1 4 50 51 58 59
2 4 27 28 35 36
3 4 9 10 17 18
4 4 6 7 14 15
5 4 32 33 40 41
6 4 1 2 9 10
7 4 46 47 54 55
8 9 11 12 13 19 20 21 27 28 29
9 9 17 18 19 25 26 27 33 34 35
10 6 5 6 7 13 14 15
11 9 28 29 30 36 37 38 44 45 46
12 4 0 1 8 9
13 4 1 2 9 10
14 4 2 3 10 11
15 4 3 4 11 12
16 4 4 5 12 13
17 4 5 6 13 14
18 4 6 7 14 15
19 4 8 9 16 17
20 4 9 10 17 18
21 4 10 11 18 19
22 4 11 12 19 20
23 4 12 13 20 21
24 4 13 14 21 22
25 4 14 15 22 23
26 4 16 17 24 25
27 4 17 18 25 26
28 4 18 19 26 27
29 4 19 20 27 28
30 4 20 21 28 29
31 4 21 22 29 30
32 4 22 23 30 31
33 4 24 25 32 33
34 4 25 26 33 34
35 4 26 27 34 35
36 4 27 28 35 36
37 4 28 29 36 37
38 4 29 30 37 38
39 4 30 31 38 39
40 4 32 33 40 41
41 4 33 34 41 42
42 4 34 35 42 43
43 4 35 36 43 44
44 4 36 37 44 45
45 4 37 38 45 46
46 4 38 39 46 47
47 4 40 41 48 49
48 4 41 42 49 50
49 4 42 43 50 51
50 4 43 44 51 52
51 4 44 45 52 53
52 4 45 46 53 54
53 4 46 47 54 55
54 4 48 49 56 57
55 4 49 50 57 58
56 4 50 51 58 59
57 4 51 52 59 60
58 4 52 53 60 61
59 4 53 54 61 62
60 4 54 55 62 63

99999 5.1 2.12 1.12 5.52 2.5 2.24 5.32 2.55 1.12 4.74 4.3 1.8 1.5 1.8 2.5 3.35 4.27 5.22 1.12 0.5 1.12 2.06 3.04 4.03 5.02 1.12 0.5 1.12 2.06 3.04 4.03 5.02 1.8 1.5 1.8 2.5 3.35 4.27 5.22 2.69 2.5 2.69 3.2 3.91 4.72 5.59 3.64 3.5 3.64 4.03 4.61 5.32 6.1 4.61 4.5 4.61 4.92 5.41 6.02 6.73 
5.1 99999 3.54 6.18 7.11 3.91 7.28 3.35 4.74 4.03 7.38 3.54 6.8 6.58 6.5 6.58 6.8 7.16 7.63 5.85 5.59 5.5 5.59 5.85 6.26 6.8 4.92 4.61 4.5 4.61 4.92 5.41 6.02 4.03 3.64 3.5 3.64 4.03 4.61 5.32 3.2 2.69 2.5 2.69 3.2 3.91 4.72 2.5 1.8 1.5 1.8 2.5 3.35 4.27 2.06 1.12 0.5 1.12 2.06 3.04 4.03 
2.12 3.54 99999 3.2 4.47 3.04 4.3 3.2 1.41 1.12 4.24 2.24 3.91 3.35 3.04 3.04 3.35 3.91 4.61 3.2 2.5 2.06 2.06 2.5 3.2 4.03 2.69 1.8 1.12 1.12 1.8 2.69 3.64 2.5 1.5 0.5 0.5 1.5 2.5 3.5 2.69 1.8 1.12 1.12 1.8 2.69 3.64 3.2 2.5 2.06 2.06 2.5 3.2 4.03 3.91 3.35 3.04 3.04 3.35 3.91 4.61 
1.12 6.18 3.2 99999 6.02 3.16 1.12 6.36 3.35 2.24 5.02 5.32 0.71 0.71 1.58 2.55 3.54 4.53 5.52 0.71 0.71 1.58 2.55 3.54 4.53 5.52 1.58 1.58 2.12 2.92 3.81 4.74 5.7 2.55 2.55 2.92 3.54 4.3 5.15 6.04 3.54 3.54 3.81 4.3 4.95 5.7 6.52 4.53 4.53 4.74 5.15 5.7 6.36 7.11 5.52 5.52 5.7 6.04 6.52 7.11 7.78 
5.52 7.11 4.47 6.02 99999 7.43 6.67 4.27 3.16 5.22 1.41 3.61 6.58 5.59 4.61 3.64 2.69 1.8 1.12 6.5 5.5 4.5 3.5 2.5 1.5 0.5 6.58 5.59 4.61 3.64 2.69 1.8 1.12 6.8 5.85 4.92 4.03 3.2 2.5 2.06 7.16 6.26 5.41 4.61 3.91 3.35 3.04 7.63 6.8 6.02 5.32 4.72 4.27 4.03 8.2 7.43 6.73 6.1 5.59 5.22 5.02 
2.5 3.91 3.04 3.16 7.43 99999 4.03 5.7 4.27 2.24 6.95 5.02 3.54 3.81 4.3 4.95 5.7 6.52 7.38 2.55 2.92 3.54 4.3 5.15 6.04 6.96 1.58 2.12 2.92 3.81 4.74 5.7 6.67 0.71 1.58 2.55 3.54 4.53 5.52 6.52 0.71 1.58 2.55 3.54 4.53 5.52 6.52 1.58 2.12 2.92 3.81 4.74 5.7 6.67 2.55 2.92 3.54 4.3 5.15 6.04 6.96 
2.24 7.28 4.3 1.12 6.67 4.03 99999 7.43 4.3 3.35 5.52 6.36 0.5 1.12 2.06 3.04 4.03 5.02 6.02 1.5 1.8 2.5 3.35 4.27 5.22 6.18 2.5 2.69 3.2 3.91 4.72 5.59 6.5 3.5 3.64 4.03 4.61 5.32 6.1 6.95 4.5 4.61 4.92 5.41 6.02 6.73 7.5 5.5 5.59 5.85 6.26 6.8 7.43 8.14 6.5 6.58 6.8 7.16 7.63 8.2 8.85 
5.32 3.35 3.2 6.36 4.27 5.7 7.43 99999 3.35 4.3 5.02 1.12 7.07 6.4 5.83 5.39 5.1 5.0 5.1 6.4 5.66 5.0 4.47 4.12 4.0 4.12 5.83 5.0 4.24 3.61 3.16 3.0 3.16 5.39 4.47 3.61 2.83 2.24 2.0 2.24 5.1 4.12 3.16 2.24 1.41 1.0 1.41 5.0 4.0 3.0 2.0 1.0 0.0 1.0 5.1 4.12 3.16 2.24 1.41 1.0 1.41 
2.55 4.74 1.41 3.35 3.16 4.27 4.3 3.35 99999 2.06 2.83 2.24 4.03 3.2 2.5 2.06 2.06 2.5 3.2 3.64 2.69 1.8 1.12 1.12 1.8 2.69 3.5 2.5 1.5 0.5 0.5 1.5 2.5 3.64 2.69 1.8 1.12 1.12 1.8 2.69 4.03 3.2 2.5 2.06 2.06 2.5 3.2 4.61 3.91 3.35 3.04 3.04 3.35 3.91 5.32 4.72 4.27 4.03 4.03 4.27 4.72 
1.12 4.03 1.12 2.24 5.22 2.24 3.35 4.3 2.06 99999 4.72 3.35 2.92 2.55 2.55 2.92 3.54 4.3 5.15 2.12 1.58 1.58 2.12 2.92 3.81 4.74 1.58 0.71 0.71 1.58 2.55 3.54 4.53 1.58 0.71 0.71 1.58 2.55 3.54 4.53 2.12 1.58 1.58 2.12 2.92 3.81 4.74 2.92 2.55 2.55 2.92 3.54 4.3 5.15 3.81 3.54 3.54 3.81 4.3 4.95 5.7 
4.74 7.38 4.24 5.02 1.41 6.95 5.52 5.02 2.83 4.72 99999 4.12 5.5 4.5 3.5 2.5 1.5 0.5 0.5 5.59 4.61 3.64 2.69 1.8 1.12 1.12 5.85 4.92 4.03 3.2 2.5 2.06 2.06 6.26 5.41 4.61 3.91 3.35 3.04 3.04 6.8 6.02 5.32 4.72 4.27 4.03 4.03 7.43 6.73 6.1 5.59 5.22 5.02 5.02 8.14 7.5 6.95 6.5 6.18 6.02 6.02 
4.3 3.54 2.24 5.32 3.61 5.02 6.36 1.12 2.24 3.35 4.12 99999 6.02 5.32 4.72 4.27 4.03 4.03 4.27 5.41 4.61 3.91 3.35 3.04 3.04 3.35 4.92 4.03 3.2 2.5 2.06 2.06 2.5 4.61 3.64 2.69 1.8 1.12 1.12 1.8 4.5 3.5 2.5 1.5 0.5 0.5 1.5 4.61 3.64 2.69 1.8 1.12 1.12 1.8 4.92 4.03 3.2 2.5 2.06 2.06 2.5 
1.8 6.8 3.91 0.71 6.58 3.54 0.5 7.07 4.03 2.92 5.5 6.02 99999 1.0 2.0 3.0 4.0 5.0 6.0 1.0 1.41 2.24 3.16 4.12 5.1 6.08 2.0 2.24 2.83 3.61 4.47 5.39 6.32 3.0 3.16 3.61 4.24 5.0 5.83 6.71 4.0 4.12 4.47 5.0 5.66 6.4 7.21 5.0 5.1 5.39 5.83 6.4 7.07 7.81 6.0 6.08 6.32 6.71 7.21 7.81 8.49 
1.5 6.58 3.35 0.71 5.59 3.81 1.12 6.4 3.2 2.55 4.5 5.32 1.0 99999 1.0 2.0 3.0 4.0 5.0 1.41 1.0 1.41 2.24 3.16 4.12 5.1 2.24 2.0 2.24 2.83 3.61 4.47 5.39 3.16 3.0 3.16 3.61 4.24 5.0 5.83 4.12 4.0 4.12 4.47 5.0 5.66 6.4 5.1 5.0 5.1 5.39 5.83 6.4 7.07 6.08 6.0 6.08 6.32 6.71 7.21 7.81 
1.8 6.5 3.04 1.58 4.61 4.3 2.06 5.83 2.5 2.55 3.5 4.72 2.0 1.0 99999 1.0 2.0 3.0 4.0 2.24 1.41 1.0 1.41 2.24 3.16 4.12 2.83 2.24 2.0 2.24 2.83 3.61 4.47 3.61 3.16 3.0 3.16 3.61 4.24 5.0 4.47 4.12 4.0 4.12 4.47 5.0 5.66 5.39 5.1 5.0 5.1 5.39 5.83 6.4 6.32 6.08 6.0 6.08 6.32 6.71 7.21 
2.5 6.58 3.04 2.55 3.64 4.95 3.04 5.39 2.06 2.92 2.5 4.27 3.0 2.0 1.0 99999 1.0 2.0 3.0 3.16 2.24 1.41 1.0 1.41 2.24 3.16 3.61 2.83 2.24 2.0 2.24 2.83 3.61 4.24 3.61 3.16 3.0 3.16 3.61 4.24 5.0 4.47 4.12 4.0 4.12 4.47 5.0 5.83 5.39 5.1 5.0 5.1 5.39 5.83 6.71 6.32 6.08 6.0 6.08 6.32 6.71 
3.35 6.8 3.35 3.54 2.69 5.7 4.03 5.1 2.06 3.54 1.5 4.03 4.0 3.0 2.0 1.0 99999 1.0 2.0 4.12 3.16 2.24 1.41 1.0 1.41 2.24 4.47 3.61 2.83 2.24 2.0 2.24 2.83 5.0 4.24 3.61 3.16 3.0 3.16 3.61 5.66 5.0 4.47 4.12 4.0 4.12 4.47 6.4 5.83 5.39 5.1 5.0 5.1 5.39 7.21 6.71 6.32 6.08 6.0 6.08 6.32 
4.27 7.16 3.91 4.53 1.8 6.52 5.02 5.0 2.5 4.3 0.5 4.03 5.0 4.0 3.0 2.0 1.0 99999 1.0 5.1 4.12 3.16 2.24 1.41 1.0 1.41 5.39 4.47 3.61 2.83 2.24 2.0 2.24 5.83 5.0 4.24 3.61 3.16 3.0 3.16 6.4 5.66 5.0 4.47 4.12 4.0 4.12 7.07 6.4 5.83 5.39 5.1 5.0 5.1 7.81 7.21 6.71 6.32 6.08 6.0 6.08 
5.22 7.63 4.61 5.52 1.12 7.38 6.02 5.1 3.2 5.15 0.5 4.27 6.0 5.0 4.0 3.0 2.0 1.0 99999 6.08 5.1 4.12 3.16 2.24 1.41 1.0 6.32 5.39 4.47 3.61 2.83 2.24 2.0 6.71 5.83 5.0 4.24 3.61 3.16 3.0 7.21 6.4 5.66 5.0 4.47 4.12 4.0 7.81 7.07 6.4 5.83 5.39 5.1 5.0 8.49 7.81 7.21 6.71 6.32 6.08 6.0 
1.12 5.85 3.2 0.71 6.5 2.55 1.5 6.4 3.64 2.12 5.59 5.41 1.0 1.41 2.24 3.16 4.12 5.1 6.08 99999 1.0 2.0 3.0 4.0 5.0 6.0 1.0 1.41 2.24 3.16 4.12 5.1 6.08 2.0 2.24 2.83 3.61 4.47 5.39 6.32 3.0 3.16 3.61 4.24 5.0 5.83 6.71 4.0 4.12 4.47 5.0 5.66 6.4 7.21 5.0 5.1 5.39 5.83 6.4 7.07 7.81 
0.5 5.59 2.5 0.71 5.5 2.92 1.8 5.66 2.69 1.58 4.61 4.61 1.41 1.0 1.41 2.24 3.16 4.12 5.1 1.0 99999 1.0 2.0 3.0 4.0 5.0 1.41 1.0 1.41 2.24 3.16 4.12 5.1 2.24 2.0 2.24 2.83 3.61 4.47 5.39 3.16 3.0 3.16 3.61 4.24 5.0 5.83 4.12 4.0 4.12 4.47 5.0 5.66 6.4 5.1 5.0 5.1 5.39 5.83 6.4 7.07 
1.12 5.5 2.06 1.58 4.5 3.54 2.5 5.0 1.8 1.58 3.64 3.91 2.24 1.41 1.0 1.41 2.24 3.16 4.12 2.0 1.0 99999 1.0 2.0 3.0 4.0 2.24 1.41 1.0 1.41 2.24 3.16 4.12 2.83 2.24 2.0 2.24 2.83 3.61 4.47 3.61 3.16 3.0 3.16 3.61 4.24 5.0 4.47 4.12 4.0 4.12 4.47 5.0 5.66 5.39 5.1 5.0 5.1 5.39 5.83 6.4 
2.06 5.59 2.06 2.55 3.5 4.3 3.35 4.47 1.12 2.12 2.69 3.35 3.16 2.24 1.41 1.0 1.41 2.24 3.16 3.0 2.0 1.0 99999 1.0 2.0 3.0 3.16 2.24 1.41 1.0 1.41 2.24 3.16 3.61 2.83 2.24 2.0 2.24 2.83 3.61 4.24 3.61 3.16 3.0 3.16 3.61 4.24 5.0 4.47 4.12 4.0 4.12 4.47 5.0 5.83 5.39 5.1 5.0 5.1 5.39 5.83 
3.04 5.85 2.5 3.54 2.5 5.15 4.27 4.12 1.12 2.92 1.8 3.04 4.12 3.16 2.24 1.41 1.0 1.41 2.24 4.0 3.0 2.0 1.0 99999 1.0 2.0 4.12 3.16 2.24 1.41 1.0 1.41 2.24 4.47 3.61 2.83 2.24 2.0 2.24 2.83 5.0 4.24 3.61 3.16 3.0 3.16 3.61 5.66 5.0 4.47 4.12 4.0 4.12 4.47 6.4 5.83 5.39 5.1 5.0 5.1 5.39 
4.03 6.26 3.2 4.53 1.5 6.04 5.22 4.0 1.8 3.81 1.12 3.04 5.1 4.12 3.16 2.24 1.41 1.0 1.41 5.0 4.0 3.0 2.0 1.0 99999 1.0 5.1 4.12 3.16 2.24 1.41 1.0 1.41 5.39 4.47 3.61 2.83 2.24 2.0 2.24 5.83 5.0 4.24 3.61 3.16 3.0 3.16 6.4 5.66 5.0 4.47 4.12 4.0 4.12 7.07 6.4 5.83 5.39 5.1 5.0 5.1 
5.02 6.8 4.03 5.52 0.5 6.96 6.18 4.12 2.69 4.74 1.12 3.35 6.08 5.1 4.12 3.16 2.24 1.41 1.0 6.0 5.0 4.0 3.0 2.0 1.0 99999 6.08 5.1 4.12 3.16 2.24 1.41 1.0 6.32 5.39 4.47 3.61 2.83 2.24 2.0 6.71 5.83 5.0 4.24 3.61 3.16 3.0 7.21 6.4 5.66 5.0 4.47 4.12 4.0 7.81 7.07 6.4 5.83 5.39 5.1 5.0 
1.12 4.92 2.69 1.58 6.58 1.58 2.5 5.83 3.5 1.58 5.85 4.92 2.0 2.24 2.83 3.61 4.47 5.39 6.32 1.0 1.41 2.24 3.16 4.12 5.1 6.08 99999 1.0 2.0 3.0 4.0 5.0 6.0 1.0 1.41 2.24 3.16 4.12 5.1 6.08 2.0 2.24 2.83 3.61 4.47 5.39 6.32 3.0 3.16 3.61 4.24 5.0 5.83 6.71 4.0 4.12 4.47 5.0 5.66 6.4 7.21 
0.5 4.61 1.8 1.58 5.59 2.12 2.69 5.0 2.5 0.71 4.92 4.03 2.24 2.0 2.24 2.83 3.61 4.47 5.39 1.41 1.0 1.41 2.24 3.16 4.12 5.1 1.0 99999 1.0 2.0 3.0 4.0 5.0 1.41 1.0 1.41 2.24 3.16 4.12 5.1 2.24 2.0 2.24 2.83 3.61 4.47 5.39 3.16 3.0 3.16 3.61 4.24 5.0 5.83 4.12 4.0 4.12 4.47 5.0 5.66 6.4 
1.12 4.5 1.12 2.12 4.61 2.92 3.2 4.24 1.5 0.71 4.03 3.2 2.83 2.24 2.0 2.24 2.83 3.61 4.47 2.24 1.41 1.0 1.41 2.24 3.16 4.12 2.0 1.0 99999 1.0 2.0 3.0 4.0 2.24 1.41 1.0 1.41 2.24 3.16 4.12 2.83 2.24 2.0 2.24 2.83 3.61 4.47 3.61 3.16 3.0 3.16 3.61 4.24 5.0 4.47 4.12 4.0 4.12 4.47 5.0 5.66 
2.06 4.61 1.12 2.92 3.64 3.81 3.91 3.61 0.5 1.58 3.2 2.5 3.61 2.83 2.24 2.0 2.24 2.83 3.61 3.16 2.24 1.41 1.0 1.41 2.24 3.16 3.0 2.0 1.0 99999 1.0 2.0 3.0 3.16 2.24 1.41 1.0 1.41 2.24 3.16 3.61 2.83 2.24 2.0 2.24 2.83 3.61 4.24 3.61 3.16 3.0 3.16 3.61 4.24 5.0 4.47 4.12 4.0 4.12 4.47 5.0 
3.04 4.92 1.8 3.81 2.69 4.74 4.72 3.16 0.5 2.55 2.5 2.06 4.47 3.61 2.83 2.24 2.0 2.24 2.83 4.12 3.16 2.24 1.41 1.0 1.41 2.24 4.0 3.0 2.0 1.0 99999 1.0 2.0 4.12 3.16 2.24 1.41 1.0 1.41 2.24 4.47 3.61 2.83 2.24 2.0 2.24 2.83 5.0 4.24 3.61 3.16 3.0 3.16 3.61 5.66 5.0 4.47 4.12 4.0 4.12 4.47 
4.03 5.41 2.69 4.74 1.8 5.7 5.59 3.0 1.5 3.54 2.06 2.06 5.39 4.47 3.61 2.83 2.24 2.0 2.24 5.1 4.12 3.16 2.24 1.41 1.0 1.41 5.0 4.0 3.0 2.0 1.0 99999 1.0 5.1 4.12 3.16 2.24 1.41 1.0 1.41 5.39 4.47 3.61 2.83 2.24 2.0 2.24 5.83 5.0 4.24 3.61 3.16 3.0 3.16 6.4 5.66 5.0 4.47 4.12 4.0 4.12 
5.02 6.02 3.64 5.7 1.12 6.67 6.5 3.16 2.5 4.53 2.06 2.5 6.32 5.39 4.47 3.61 2.83 2.24 2.0 6.08 5.1 4.12 3.16 2.24 1.41 1.0 6.0 5.0 4.0 3.0 2.0 1.0 99999 6.08 5.1 4.12 3.16 2.24 1.41 1.0 6.32 5.39 4.47 3.61 2.83 2.24 2.0 6.71 5.83 5.0 4.24 3.61 3.16 3.0 7.21 6.4 5.66 5.0 4.47 4.12 4.0 
1.8 4.03 2.5 2.55 6.8 0.71 3.5 5.39 3.64 1.58 6.26 4.61 3.0 3.16 3.61 4.24 5.0 5.83 6.71 2.0 2.24 2.83 3.61 4.47 5.39 6.32 1.0 1.41 2.24 3.16 4.12 5.1 6.08 99999 1.0 2.0 3.0 4.0 5.0 6.0 1.0 1.41 2.24 3.16 4.12 5.1 6.08 2.0 2.24 2.83 3.61 4.47 5.39 6.32 3.0 3.16 3.61 4.24 5.0 5.83 6.71 
1.5 3.64 1.5 2.55 5.85 1.58 3.64 4.47 2.69 0.71 5.41 3.64 3.16 3.0 3.16 3.61 4.24 5.0 5.83 2.24 2.0 2.24 2.83 3.61 4.47 5.39 1.41 1.0 1.41 2.24 3.16 4.12 5.1 1.0 99999 1.0 2.0 3.0 4.0 5.0 1.41 1.0 1.41 2.24 3.16 4.12 5.1 2.24 2.0 2.24 2.83 3.61 4.47 5.39 3.16 3.0 3.16 3.61 4.24 5.0 5.83 
1.8 3.5 0.5 2.92 4.92 2.55 4.03 3.61 1.8 0.71 4.61 2.69 3.61 3.16 3.0 3.16 3.61 4.24 5.0 2.83 2.24 2.0 2.24 2.83 3.61 4.47 2.24 1.41 1.0 1.41 2.24 3.16 4.12 2.0 1.0 99999 1.0 2.0 3.0 4.0 2.24 1.41 1.0 1.41 2.24 3.16 4.12 2.83 2.24 2.0 2.24 2.83 3.61 4.47 3.61 3.16 3.0 3.16 3.61 4.24 5.0 
2.5 3.64 0.5 3.54 4.03 3.54 4.61 2.83 1.12 1.58 3.91 1.8 4.24 3.61 3.16 3.0 3.16 3.61 4.24 3.61 2.83 2.24 2.0 2.24 2.83 3.61 3.16 2.24 1.41 1.0 1.41 2.24 3.16 3.0 2.0 1.0 99999 1.0 2.0 3.0 3.16 2.24 1.41 1.0 1.41 2.24 3.16 3.61 2.83 2.24 2.0 2.24 2.83 3.61 4.24 3.61 3.16 3.0 3.16 3.61 4.24 
3.35 4.03 1.5 4.3 3.2 4.53 5.32 2.24 1.12 2.55 3.35 1.12 5.0 4.24 3.61 3.16 3.0 3.16 3.61 4.47 3.61 2.83 2.24 2.0 2.24 2.83 4.12 3.16 2.24 1.41 1.0 1.41 2.24 4.0 3.0 2.0 1.0 99999 1.0 2.0 4.12 3.16 2.24 1.41 1.0 1.41 2.24 4.47 3.61 2.83 2.24 2.0 2.24 2.83 5.0 4.24 3.61 3.16 3.0 3.16 3.61 
4.27 4.61 2.5 5.15 2.5 5.52 6.1 2.0 1.8 3.54 3.04 1.12 5.83 5.0 4.24 3.61 3.16 3.0 3.16 5.39 4.47 3.61 2.83 2.24 2.0 2.24 5.1 4.12 3.16 2.24 1.41 1.0 1.41 5.0 4.0 3.0 2.0 1.0 99999 1.0 5.1 4.12 3.16 2.24 1.41 1.0 1.41 5.39 4.47 3.61 2.83 2.24 2.0 2.24 5.83 5.0 4.24 3.61 3.16 3.0 3.16 
5.22 5.32 3.5 6.04 2.06 6.52 6.95 2.24 2.69 4.53 3.04 1.8 6.71 5.83 5.0 4.24 3.61 3.16 3.0 6.32 5.39 4.47 3.61 2.83 2.24 2.0 6.08 5.1 4.12 3.16 2.24 1.41 1.0 6.0 5.0 4.0 3.0 2.0 1.0 99999 6.08 5.1 4.12 3.16 2.24 1.41 1.0 6.32 5.39 4.47 3.61 2.83 2.24 2.0 6.71 5.83 5.0 4.24 3.61 3.16 3.0 
2.69 3.2 2.69 3.54 7.16 0.71 4.5 5.1 4.03 2.12 6.8 4.5 4.0 4.12 4.47 5.0 5.66 6.4 7.21 3.0 3.16 3.61 4.24 5.0 5.83 6.71 2.0 2.24 2.83 3.61 4.47 5.39 6.32 1.0 1.41 2.24 3.16 4.12 5.1 6.08 99999 1.0 2.0 3.0 4.0 5.0 6.0 1.0 1.41 2.24 3.16 4.12 5.1 6.08 2.0 2.24 2.83 3.61 4.47 5.39 6.32 
2.5 2.69 1.8 3.54 6.26 1.58 4.61 4.12 3.2 1.58 6.02 3.5 4.12 4.0 4.12 4.47 5.0 5.66 6.4 3.16 3.0 3.16 3.61 4.24 5.0 5.83 2.24 2.0 2.24 2.83 3.61 4.47 5.39 1.41 1.0 1.41 2.24 3.16 4.12 5.1 1.0 99999 1.0 2.0 3.0 4.0 5.0 1.41 1.0 1.41 2.24 3.16 4.12 5.1 2.24 2.0 2.24 2.83 3.61 4.47 5.39 
2.69 2.5 1.12 3.81 5.41 2.55 4.92 3.16 2.5 1.58 5.32 2.5 4.47 4.12 4.0 4.12 4.47 5.0 5.66 3.61 3.16 3.0 3.16 3.61 4.24 5.0 2.83 2.24 2.0 2.24 2.83 3.61 4.47 2.24 1.41 1.0 1.41 2.24 3.16 4.12 2.0 1.0 99999 1.0 2.0 3.0 4.0 2.24 1.41 1.0 1.41 2.24 3.16 4.12 2.83 2.24 2.0 2.24 2.83 3.61 4.47 
3.2 2.69 1.12 4.3 4.61 3.54 5.41 2.24 2.06 2.12 4.72 1.5 5.0 4.47 4.12 4.0 4.12 4.47 5.0 4.24 3.61 3.16 3.0 3.16 3.61 4.24 3.61 2.83 2.24 2.0 2.24 2.83 3.61 3.16 2.24 1.41 1.0 1.41 2.24 3.16 3.0 2.0 1.0 99999 1.0 2.0 3.0 3.16 2.24 1.41 1.0 1.41 2.24 3.16 3.61 2.83 2.24 2.0 2.24 2.83 3.61 
3.91 3.2 1.8 4.95 3.91 4.53 6.02 1.41 2.06 2.92 4.27 0.5 5.66 5.0 4.47 4.12 4.0 4.12 4.47 5.0 4.24 3.61 3.16 3.0 3.16 3.61 4.47 3.61 2.83 2.24 2.0 2.24 2.83 4.12 3.16 2.24 1.41 1.0 1.41 2.24 4.0 3.0 2.0 1.0 99999 1.0 2.0 4.12 3.16 2.24 1.41 1.0 1.41 2.24 4.47 3.61 2.83 2.24 2.0 2.24 2.83 
4.72 3.91 2.69 5.7 3.35 5.52 6.73 1.0 2.5 3.81 4.03 0.5 6.4 5.66 5.0 4.47 4.12 4.0 4.12 5.83 5.0 4.24 3.61 3.16 3.0 3.16 5.39 4.47 3.61 2.83 2.24 2.0 2.24 5.1 4.12 3.16 2.24 1.41 1.0 1.41 5.0 4.0 3.0 2.0 1.0 99999 1.0 5.1 4.12 3.16 2.24 1.41 1.0 1.41 5.39 4.47 3.61 2.83 2.24 2.0 2.24 
5.59 4.72 3.64 6.52 3.04 6.52 7.5 1.41 3.2 4.74 4.03 1.5 7.21 6.4 5.66 5.0 4.47 4.12 4.0 6.71 5.83 5.0 4.24 3.61 3.16 3.0 6.32 5.39 4.47 3.61 2.83 2.24 2.0 6.08 5.1 4.12 3.16 2.24 1.41 1.0 6.0 5.0 4.0 3.0 2.0 1.0 99999 6.08 5.1 4.12 3.16 2.24 1.41 1.0 6.32 5.39 4.47 3.61 2.83 2.24 2.0 
3.64 2.5 3.2 4.53 7.63 1.58 5.5 5.0 4.61 2.92 7.43 4.61 5.0 5.1 5.39 5.83 6.4 7.07 7.81 4.0 4.12 4.47 5.0 5.66 6.4 7.21 3.0 3.16 3.61 4.24 5.0 5.83 6.71 2.0 2.24 2.83 3.61 4.47 5.39 6.32 1.0 1.41 2.24 3.16 4.12 5.1 6.08 99999 1.0 2.0 3.0 4.0 5.0 6.0 1.0 1.41 2.24 3.16 4.12 5.1 6.08 
3.5 1.8 2.5 4.53 6.8 2.12 5.59 4.0 3.91 2.55 6.73 3.64 5.1 5.0 5.1 5.39 5.83 6.4 7.07 4.12 4.0 4.12 4.47 5.0 5.66 6.4 3.16 3.0 3.16 3.61 4.24 5.0 5.83 2.24 2.0 2.24 2.83 3.61 4.47 5.39 1.41 1.0 1.41 2.24 3.16 4.12 5.1 1.0 99999 1.0 2.0 3.0 4.0 5.0 1.41 1.0 1.41 2.24 3.16 4.12 5.1 
3.64 1.5 2.06 4.74 6.02 2.92 5.85 3.0 3.35 2.55 6.1 2.69 5.39 5.1 5.0 5.1 5.39 5.83 6.4 4.47 4.12 4.0 4.12 4.47 5.0 5.66 3.61 3.16 3.0 3.16 3.61 4.24 5.0 2.83 2.24 2.0 2.24 2.83 3.61 4.47 2.24 1.41 1.0 1.41 2.24 3.16 4.12 2.0 1.0 99999 1.0 2.0 3.0 4.0 2.24 1.41 1.0 1.41 2.24 3.16 4.12 
4.03 1.8 2.06 5.15 5.32 3.81 6.26 2.0 3.04 2.92 5.59 1.8 5.83 5.39 5.1 5.0 5.1 5.39 5.83 5.0 4.47 4.12 4.0 4.12 4.47 5.0 4.24 3.61 3.16 3.0 3.16 3.61 4.24 3.61 2.83 2.24 2.0 2.24 2.83 3.61 3.16 2.24 1.41 1.0 1.41 2.24 3.16 3.0 2.0 1.0 99999 1.0 2.0 3.0 3.16 2.24 1.41 1.0 1.41 2.24 3.16 
4.61 2.5 2.5 5.7 4.72 4.74 6.8 1.0 3.04 3.54 5.22 1.12 6.4 5.83 5.39 5.1 5.0 5.1 5.39 5.66 5.0 4.47 4.12 4.0 4.12 4.47 5.0 4.24 3.61 3.16 3.0 3.16 3.61 4.47 3.61 2.83 2.24 2.0 2.24 2.83 4.12 3.16 2.24 1.41 1.0 1.41 2.24 4.0 3.0 2.0 1.0 99999 1.0 2.0 4.12 3.16 2.24 1.41 1.0 1.41 2.24 
5.32 3.35 3.2 6.36 4.27 5.7 7.43 0.0 3.35 4.3 5.02 1.12 7.07 6.4 5.83 5.39 5.1 5.0 5.1 6.4 5.66 5.0 4.47 4.12 4.0 4.12 5.83 5.0 4.24 3.61 3.16 3.0 3.16 5.39 4.47 3.61 2.83 2.24 2.0 2.24 5.1 4.12 3.16 2.24 1.41 1.0 1.41 5.0 4.0 3.0 2.0 1.0 99999 1.0 5.1 4.12 3.16 2.24 1.41 1.0 1.41 
6.1 4.27 4.03 7.11 4.03 6.67 8.14 1.0 3.91 5.15 5.02 1.8 7.81 7.07 6.4 5.83 5.39 5.1 5.0 7.21 6.4 5.66 5.0 4.47 4.12 4.0 6.71 5.83 5.0 4.24 3.61 3.16 3.0 6.32 5.39 4.47 3.61 2.83 2.24 2.0 6.08 5.1 4.12 3.16 2.24 1.41 1.0 6.0 5.0 4.0 3.0 2.0 1.0 99999 6.08 5.1 4.12 3.16 2.24 1.41 1.0 
4.61 2.06 3.91 5.52 8.2 2.55 6.5 5.1 5.32 3.81 8.14 4.92 6.0 6.08 6.32 6.71 7.21 7.81 8.49 5.0 5.1 5.39 5.83 6.4 7.07 7.81 4.0 4.12 4.47 5.0 5.66 6.4 7.21 3.0 3.16 3.61 4.24 5.0 5.83 6.71 2.0 2.24 2.83 3.61 4.47 5.39 6.32 1.0 1.41 2.24 3.16 4.12 5.1 6.08 99999 1.0 2.0 3.0 4.0 5.0 6.0 
4.5 1.12 3.35 5.52 7.43 2.92 6.58 4.12 4.72 3.54 7.5 4.03 6.08 6.0 6.08 6.32 6.71 7.21 7.81 5.1 5.0 5.1 5.39 5.83 6.4 7.07 4.12 4.0 4.12 4.47 5.0 5.66 6.4 3.16 3.0 3.16 3.61 4.24 5.0 5.83 2.24 2.0 2.24 2.83 3.61 4.47 5.39 1.41 1.0 1.41 2.24 3.16 4.12 5.1 1.0 99999 1.0 2.0 3.0 4.0 5.0 
4.61 0.5 3.04 5.7 6.73 3.54 6.8 3.16 4.27 3.54 6.95 3.2 6.32 6.08 6.0 6.08 6.32 6.71 7.21 5.39 5.1 5.0 5.1 5.39 5.83 6.4 4.47 4.12 4.0 4.12 4.47 5.0 5.66 3.61 3.16 3.0 3.16 3.61 4.24 5.0 2.83 2.24 2.0 2.24 2.83 3.61 4.47 2.24 1.41 1.0 1.41 2.24 3.16 4.12 2.0 1.0 99999 1.0 2.0 3.0 4.0 
4.92 1.12 3.04 6.04 6.1 4.3 7.16 2.24 4.03 3.81 6.5 2.5 6.71 6.32 6.08 6.0 6.08 6.32 6.71 5.83 5.39 5.1 5.0 5.1 5.39 5.83 5.0 4.47 4.12 4.0 4.12 4.47 5.0 4.24 3.61 3.16 3.0 3.16 3.61 4.24 3.61 2.83 2.24 2.0 2.24 2.83 3.61 3.16 2.24 1.41 1.0 1.41 2.24 3.16 3.0 2.0 1.0 99999 1.0 2.0 3.0 
5.41 2.06 3.35 6.52 5.59 5.15 7.63 1.41 4.03 4.3 6.18 2.06 7.21 6.71 6.32 6.08 6.0 6.08 6.32 6.4 5.83 5.39 5.1 5.0 5.1 5.39 5.66 5.0 4.47 4.12 4.0 4.12 4.47 5.0 4.24 3.61 3.16 3.0 3.16 3.61 4.47 3.61 2.83 2.24 2.0 2.24 2.83 4.12 3.16 2.24 1.41 1.0 1.41 2.24 4.0 3.0 2.0 1.0 99999 1.0 2.0 
6.02 3.04 3.91 7.11 5.22 6.04 8.2 1.0 4.27 4.95 6.02 2.06 7.81 7.21 6.71 6.32 6.08 6.0 6.08 7.07 6.4 5.83 5.39 5.1 5.0 5.1 6.4 5.66 5.0 4.47 4.12 4.0 4.12 5.83 5.0 4.24 3.61 3.16 3.0 3.16 5.39 4.47 3.61 2.83 2.24 2.0 2.24 5.1 4.12 3.16 2.24 1.41 1.0 1.41 5.0 4.0 3.0 2.0 1.0 99999 1.0 
6.73 4.03 4.61 7.78 5.02 6.96 8.85 1.41 4.72 5.7 6.02 2.5 8.49 7.81 7.21 6.71 6.32 6.08 6.0 7.81 7.07 6.4 5.83 5.39 5.1 5.0 7.21 6.4 5.66 5.0 4.47 4.12 4.0 6.71 5.83 5.0 4.24 3.61 3.16 3.0 6.32 5.39 4.47 3.61 2.83 2.24 2.0 6.08 5.1 4.12 3.16 2.24 1.41 1.0 6.0 5.0 4.0 3.0 2.0 1.0 99999 
