81 8 1 4 64
2 10 1 5
150 10 0 6

0 4 70 71 79 80
1 4 24 25 33 34
2 4 65 66 74 75
3 4 19 20 28 29
4 4 43 44 52 53
5 4 14 15 23 24
6 4 45 46 54 55
7 4 12 13 21 22
8 9 21 22 23 30 31 32 39 40 41
9 9 48 49 50 57 58 59 66 67 68
10 4 70 71 79 80
11 6 25 26 34 35 43 44
12 6 5 6 7 14 15 16
13 4 0 1 9 10
14 4 1 2 10 11
15 4 2 3 11 12
16 4 3 4 12 13
17 4 4 5 13 14
18 4 5 6 14 15
19 4 6 7 15 16
20 4 7 8 16 17
21 4 9 10 18 19
22 4 10 11 19 20
23 4 11 12 20 21
24 4 12 13 21 22
25 4 13 14 22 23
26 4 14 15 23 24
27 4 15 16 24 25
28 4 16 17 25 26
29 4 18 19 27 28
30 4 19 20 28 29
31 4 20 21 29 30
32 4 21 22 30 31
33 4 22 23 31 32
34 4 23 24 32 33
35 4 24 25 33 34
36 4 25 26 34 35
37 4 27 28 36 37
38 4 28 29 37 38
39 4 29 30 38 39
40 4 30 31 39 40
41 4 31 32 40 41
42 4 32 33 41 42
43 4 33 34 42 43
44 4 34 35 43 44
45 4 36 37 45 46
46 4 37 38 46 47
47 4 38 39 47 48
48 4 39 40 48 49
49 4 40 41 49 50
50 4 41 42 50 51
51 4 42 43 51 52
52 4 43 44 52 53
53 4 45 46 54 55
54 4 46 47 55 56
55 4 47 48 56 57
56 4 48 49 57 58
57 4 49 50 58 59
58 4 50 51 59 60
59 4 51 52 60 61
60 4 52 53 61 62
61 4 54 55 63 64
62 4 55 56 64 65
63 4 56 57 65 66
64 4 57 58 66 67
65 4 58 59 67 68
66 4 59 60 68 69
67 4 60 61 69 70
68 4 61 62 70 71
69 4 63 64 72 73
70 4 64 65 73 74
71 4 65 66 74 75
72 4 66 67 75 76
73 4 67 68 76 77
74 4 68 69 77 78
75 4 69 70 78 79
76 4 70 71 79 80

99999 5.7 5.02 7.81 3.04 6.32 7.43 7.91 5.0 3.64 1.12 4.53 7.57 9.55 8.9 8.32 7.83 7.43 7.16 7.02 7.02 8.85 8.14 7.5 6.95 6.5 6.18 6.02 6.02 8.2 7.43 6.73 6.1 5.59 5.22 5.02 5.02 7.63 6.8 6.02 5.32 4.72 4.27 4.03 4.03 7.16 6.26 5.41 4.61 3.91 3.35 3.04 3.04 6.8 5.85 4.92 4.03 3.2 2.5 2.06 2.06 6.58 5.59 4.61 3.64 2.69 1.8 1.12 1.12 6.5 5.5 4.5 3.5 2.5 1.5 0.5 0.5 
5.7 99999 6.1 4.53 2.69 0.71 6.26 3.16 2.12 4.92 6.5 2.24 2.06 5.22 4.27 3.35 2.5 1.8 1.5 1.8 2.5 5.02 4.03 3.04 2.06 1.12 0.5 1.12 2.06 5.02 4.03 3.04 2.06 1.12 0.5 1.12 2.06 5.22 4.27 3.35 2.5 1.8 1.5 1.8 2.5 5.59 4.72 3.91 3.2 2.69 2.5 2.69 3.2 6.1 5.32 4.61 4.03 3.64 3.5 3.64 4.03 6.73 6.02 5.41 4.92 4.61 4.5 4.61 4.92 7.43 6.8 6.26 5.85 5.59 5.5 5.59 5.85 
5.02 6.1 99999 4.61 5.15 6.26 2.83 6.02 4.03 1.58 6.08 6.8 8.06 6.67 6.52 6.52 6.67 6.96 7.38 7.91 8.51 5.7 5.52 5.52 5.7 6.04 6.52 7.11 7.78 4.74 4.53 4.53 4.74 5.15 5.7 6.36 7.11 3.81 3.54 3.54 3.81 4.3 4.95 5.7 6.52 2.92 2.55 2.55 2.92 3.54 4.3 5.15 6.04 2.12 1.58 1.58 2.12 2.92 3.81 4.74 5.7 1.58 0.71 0.71 1.58 2.55 3.54 4.53 5.52 1.58 0.71 0.71 1.58 2.55 3.54 4.53 5.52 
7.81 4.53 4.61 99999 5.85 4.12 2.69 2.12 3.16 4.72 8.9 6.52 5.59 2.06 2.06 2.5 3.2 4.03 4.92 5.85 6.8 1.12 1.12 1.8 2.69 3.64 4.61 5.59 6.58 0.5 0.5 1.5 2.5 3.5 4.5 5.5 6.5 1.12 1.12 1.8 2.69 3.64 4.61 5.59 6.58 2.06 2.06 2.5 3.2 4.03 4.92 5.85 6.8 3.04 3.04 3.35 3.91 4.61 5.41 6.26 7.16 4.03 4.03 4.27 4.72 5.32 6.02 6.8 7.63 5.02 5.02 5.22 5.59 6.1 6.73 7.43 8.2 
3.04 2.69 5.15 5.85 99999 3.35 6.52 5.32 2.69 3.61 3.81 1.8 4.53 7.21 6.4 5.66 5.0 4.47 4.12 4.0 4.12 6.71 5.83 5.0 4.24 3.61 3.16 3.0 3.16 6.32 5.39 4.47 3.61 2.83 2.24 2.0 2.24 6.08 5.1 4.12 3.16 2.24 1.41 1.0 1.41 6.0 5.0 4.0 3.0 2.0 1.0 0.0 1.0 6.08 5.1 4.12 3.16 2.24 1.41 1.0 1.41 6.32 5.39 4.47 3.61 2.83 2.24 2.0 2.24 6.71 5.83 5.0 4.24 3.61 3.16 3.0 3.16 
6.32 0.71 6.26 4.12 3.35 99999 6.1 2.55 2.24 5.22 7.16 2.92 1.8 4.61 3.64 2.69 1.8 1.12 1.12 1.8 2.69 4.5 3.5 2.5 1.5 0.5 0.5 1.5 2.5 4.61 3.64 2.69 1.8 1.12 1.12 1.8 2.69 4.92 4.03 3.2 2.5 2.06 2.06 2.5 3.2 5.41 4.61 3.91 3.35 3.04 3.04 3.35 3.91 6.02 5.32 4.72 4.27 4.03 4.03 4.27 4.72 6.73 6.1 5.59 5.22 5.02 5.02 5.22 5.59 7.5 6.95 6.5 6.18 6.02 6.02 6.18 6.5 
7.43 6.26 2.83 2.69 6.52 6.1 99999 4.72 4.27 3.81 8.54 7.76 7.81 4.53 4.74 5.15 5.7 6.36 7.11 7.91 8.75 3.54 3.81 4.3 4.95 5.7 6.52 7.38 8.28 2.55 2.92 3.54 4.3 5.15 6.04 6.96 7.91 1.58 2.12 2.92 3.81 4.74 5.7 6.67 7.65 0.71 1.58 2.55 3.54 4.53 5.52 6.52 7.52 0.71 1.58 2.55 3.54 4.53 5.52 6.52 7.52 1.58 2.12 2.92 3.81 4.74 5.7 6.67 7.65 2.55 2.92 3.54 4.3 5.15 6.04 6.96 7.91 
7.91 3.16 6.02 2.12 5.32 2.55 4.72 99999 2.92 5.59 8.9 5.39 3.64 2.06 1.12 0.5 1.12 2.06 3.04 4.03 5.02 2.06 1.12 0.5 1.12 2.06 3.04 4.03 5.02 2.5 1.8 1.5 1.8 2.5 3.35 4.27 5.22 3.2 2.69 2.5 2.69 3.2 3.91 4.72 5.59 4.03 3.64 3.5 3.64 4.03 4.61 5.32 6.1 4.92 4.61 4.5 4.61 4.92 5.41 6.02 6.73 5.85 5.59 5.5 5.59 5.85 6.26 6.8 7.43 6.8 6.58 6.5 6.58 6.8 7.16 7.63 8.2 
5.0 2.12 4.03 3.16 2.69 2.24 4.27 2.92 99999 3.04 6.02 3.54 4.03 4.61 3.91 3.35 3.04 3.04 3.35 3.91 4.61 4.03 3.2 2.5 2.06 2.06 2.5 3.2 4.03 3.64 2.69 1.8 1.12 1.12 1.8 2.69 3.64 3.5 2.5 1.5 0.5 0.5 1.5 2.5 3.5 3.64 2.69 1.8 1.12 1.12 1.8 2.69 3.64 4.03 3.2 2.5 2.06 2.06 2.5 3.2 4.03 4.61 3.91 3.35 3.04 3.04 3.35 3.91 4.61 5.32 4.72 4.27 4.03 4.03 4.27 4.72 5.32 
3.64 4.92 1.58 4.72 3.61 5.22 3.81 5.59 3.04 99999 4.74 5.32 6.96 6.71 6.32 6.08 6.0 6.08 6.32 6.71 7.21 5.83 5.39 5.1 5.0 5.1 5.39 5.83 6.4 5.0 4.47 4.12 4.0 4.12 4.47 5.0 5.66 4.24 3.61 3.16 3.0 3.16 3.61 4.24 5.0 3.61 2.83 2.24 2.0 2.24 2.83 3.61 4.47 3.16 2.24 1.41 1.0 1.41 2.24 3.16 4.12 3.0 2.0 1.0 0.0 1.0 2.0 3.0 4.0 3.16 2.24 1.41 1.0 1.41 2.24 3.16 4.12 
1.12 6.5 6.08 8.9 3.81 7.16 8.54 8.9 6.02 4.74 99999 5.02 8.25 10.61 9.92 9.3 8.75 8.28 7.91 7.65 7.52 9.92 9.19 8.51 7.91 7.38 6.96 6.67 6.52 9.3 8.51 7.78 7.11 6.52 6.04 5.7 5.52 8.75 7.91 7.11 6.36 5.7 5.15 4.74 4.53 8.28 7.38 6.52 5.7 4.95 4.3 3.81 3.54 7.91 6.96 6.04 5.15 4.3 3.54 2.92 2.55 7.65 6.67 5.7 4.74 3.81 2.92 2.12 1.58 7.52 6.52 5.52 4.53 3.54 2.55 1.58 0.71 
4.53 2.24 6.8 6.52 1.8 2.92 7.76 5.39 3.54 5.32 5.02 99999 3.35 7.43 6.5 5.59 4.72 3.91 3.2 2.69 2.5 7.16 6.18 5.22 4.27 3.35 2.5 1.8 1.5 7.02 6.02 5.02 4.03 3.04 2.06 1.12 0.5 7.02 6.02 5.02 4.03 3.04 2.06 1.12 0.5 7.16 6.18 5.22 4.27 3.35 2.5 1.8 1.5 7.43 6.5 5.59 4.72 3.91 3.2 2.69 2.5 7.83 6.95 6.1 5.32 4.61 4.03 3.64 3.5 8.32 7.5 6.73 6.02 5.41 4.92 4.61 4.5 
7.57 2.06 8.06 5.59 4.53 1.8 7.81 3.64 4.03 6.96 8.25 3.35 99999 5.52 4.53 3.54 2.55 1.58 0.71 0.71 1.58 5.7 4.74 3.81 2.92 2.12 1.58 1.58 2.12 6.04 5.15 4.3 3.54 2.92 2.55 2.55 2.92 6.52 5.7 4.95 4.3 3.81 3.54 3.54 3.81 7.11 6.36 5.7 5.15 4.74 4.53 4.53 4.74 7.78 7.11 6.52 6.04 5.7 5.52 5.52 5.7 8.51 7.91 7.38 6.96 6.67 6.52 6.52 6.67 9.3 8.75 8.28 7.91 7.65 7.52 7.52 7.65 
9.55 5.22 6.67 2.06 7.21 4.61 4.53 2.06 4.61 6.71 10.61 7.43 5.52 99999 1.0 2.0 3.0 4.0 5.0 6.0 7.0 1.0 1.41 2.24 3.16 4.12 5.1 6.08 7.07 2.0 2.24 2.83 3.61 4.47 5.39 6.32 7.28 3.0 3.16 3.61 4.24 5.0 5.83 6.71 7.62 4.0 4.12 4.47 5.0 5.66 6.4 7.21 8.06 5.0 5.1 5.39 5.83 6.4 7.07 7.81 8.6 6.0 6.08 6.32 6.71 7.21 7.81 8.49 9.22 7.0 7.07 7.28 7.62 8.06 8.6 9.22 9.9 
8.9 4.27 6.52 2.06 6.4 3.64 4.74 1.12 3.91 6.32 9.92 6.5 4.53 1.0 99999 1.0 2.0 3.0 4.0 5.0 6.0 1.41 1.0 1.41 2.24 3.16 4.12 5.1 6.08 2.24 2.0 2.24 2.83 3.61 4.47 5.39 6.32 3.16 3.0 3.16 3.61 4.24 5.0 5.83 6.71 4.12 4.0 4.12 4.47 5.0 5.66 6.4 7.21 5.1 5.0 5.1 5.39 5.83 6.4 7.07 7.81 6.08 6.0 6.08 6.32 6.71 7.21 7.81 8.49 7.07 7.0 7.07 7.28 7.62 8.06 8.6 9.22 
8.32 3.35 6.52 2.5 5.66 2.69 5.15 0.5 3.35 6.08 9.3 5.59 3.54 2.0 1.0 99999 1.0 2.0 3.0 4.0 5.0 2.24 1.41 1.0 1.41 2.24 3.16 4.12 5.1 2.83 2.24 2.0 2.24 2.83 3.61 4.47 5.39 3.61 3.16 3.0 3.16 3.61 4.24 5.0 5.83 4.47 4.12 4.0 4.12 4.47 5.0 5.66 6.4 5.39 5.1 5.0 5.1 5.39 5.83 6.4 7.07 6.32 6.08 6.0 6.08 6.32 6.71 7.21 7.81 7.28 7.07 7.0 7.07 7.28 7.62 8.06 8.6 
7.83 2.5 6.67 3.2 5.0 1.8 5.7 1.12 3.04 6.0 8.75 4.72 2.55 3.0 2.0 1.0 99999 1.0 2.0 3.0 4.0 3.16 2.24 1.41 1.0 1.41 2.24 3.16 4.12 3.61 2.83 2.24 2.0 2.24 2.83 3.61 4.47 4.24 3.61 3.16 3.0 3.16 3.61 4.24 5.0 5.0 4.47 4.12 4.0 4.12 4.47 5.0 5.66 5.83 5.39 5.1 5.0 5.1 5.39 5.83 6.4 6.71 6.32 6.08 6.0 6.08 6.32 6.71 7.21 7.62 7.28 7.07 7.0 7.07 7.28 7.62 8.06 
7.43 1.8 6.96 4.03 4.47 1.12 6.36 2.06 3.04 6.08 8.28 3.91 1.58 4.0 3.0 2.0 1.0 99999 1.0 2.0 3.0 4.12 3.16 2.24 1.41 1.0 1.41 2.24 3.16 4.47 3.61 2.83 2.24 2.0 2.24 2.83 3.61 5.0 4.24 3.61 3.16 3.0 3.16 3.61 4.24 5.66 5.0 4.47 4.12 4.0 4.12 4.47 5.0 6.4 5.83 5.39 5.1 5.0 5.1 5.39 5.83 7.21 6.71 6.32 6.08 6.0 6.08 6.32 6.71 8.06 7.62 7.28 7.07 7.0 7.07 7.28 7.62 
7.16 1.5 7.38 4.92 4.12 1.12 7.11 3.04 3.35 6.32 7.91 3.2 0.71 5.0 4.0 3.0 2.0 1.0 99999 1.0 2.0 5.1 4.12 3.16 2.24 1.41 1.0 1.41 2.24 5.39 4.47 3.61 2.83 2.24 2.0 2.24 2.83 5.83 5.0 4.24 3.61 3.16 3.0 3.16 3.61 6.4 5.66 5.0 4.47 4.12 4.0 4.12 4.47 7.07 6.4 5.83 5.39 5.1 5.0 5.1 5.39 7.81 7.21 6.71 6.32 6.08 6.0 6.08 6.32 8.6 8.06 7.62 7.28 7.07 7.0 7.07 7.28 
7.02 1.8 7.91 5.85 4.0 1.8 7.91 4.03 3.91 6.71 7.65 2.69 0.71 6.0 5.0 4.0 3.0 2.0 1.0 99999 1.0 6.08 5.1 4.12 3.16 2.24 1.41 1.0 1.41 6.32 5.39 4.47 3.61 2.83 2.24 2.0 2.24 6.71 5.83 5.0 4.24 3.61 3.16 3.0 3.16 7.21 6.4 5.66 5.0 4.47 4.12 4.0 4.12 7.81 7.07 6.4 5.83 5.39 5.1 5.0 5.1 8.49 7.81 7.21 6.71 6.32 6.08 6.0 6.08 9.22 8.6 8.06 7.62 7.28 7.07 7.0 7.07 
7.02 2.5 8.51 6.8 4.12 2.69 8.75 5.02 4.61 7.21 7.52 2.5 1.58 7.0 6.0 5.0 4.0 3.0 2.0 1.0 99999 7.07 6.08 5.1 4.12 3.16 2.24 1.41 1.0 7.28 6.32 5.39 4.47 3.61 2.83 2.24 2.0 7.62 6.71 5.83 5.0 4.24 3.61 3.16 3.0 8.06 7.21 6.4 5.66 5.0 4.47 4.12 4.0 8.6 7.81 7.07 6.4 5.83 5.39 5.1 5.0 9.22 8.49 7.81 7.21 6.71 6.32 6.08 6.0 9.9 9.22 8.6 8.06 7.62 7.28 7.07 7.0 
8.85 5.02 5.7 1.12 6.71 4.5 3.54 2.06 4.03 5.83 9.92 7.16 5.7 1.0 1.41 2.24 3.16 4.12 5.1 6.08 7.07 99999 1.0 2.0 3.0 4.0 5.0 6.0 7.0 1.0 1.41 2.24 3.16 4.12 5.1 6.08 7.07 2.0 2.24 2.83 3.61 4.47 5.39 6.32 7.28 3.0 3.16 3.61 4.24 5.0 5.83 6.71 7.62 4.0 4.12 4.47 5.0 5.66 6.4 7.21 8.06 5.0 5.1 5.39 5.83 6.4 7.07 7.81 8.6 6.0 6.08 6.32 6.71 7.21 7.81 8.49 9.22 
8.14 4.03 5.52 1.12 5.83 3.5 3.81 1.12 3.2 5.39 9.19 6.18 4.74 1.41 1.0 1.41 2.24 3.16 4.12 5.1 6.08 1.0 99999 1.0 2.0 3.0 4.0 5.0 6.0 1.41 1.0 1.41 2.24 3.16 4.12 5.1 6.08 2.24 2.0 2.24 2.83 3.61 4.47 5.39 6.32 3.16 3.0 3.16 3.61 4.24 5.0 5.83 6.71 4.12 4.0 4.12 4.47 5.0 5.66 6.4 7.21 5.1 5.0 5.1 5.39 5.83 6.4 7.07 7.81 6.08 6.0 6.08 6.32 6.71 7.21 7.81 8.49 
7.5 3.04 5.52 1.8 5.0 2.5 4.3 0.5 2.5 5.1 8.51 5.22 3.81 2.24 1.41 1.0 1.41 2.24 3.16 4.12 5.1 2.0 1.0 99999 1.0 2.0 3.0 4.0 5.0 2.24 1.41 1.0 1.41 2.24 3.16 4.12 5.1 2.83 2.24 2.0 2.24 2.83 3.61 4.47 5.39 3.61 3.16 3.0 3.16 3.61 4.24 5.0 5.83 4.47 4.12 4.0 4.12 4.47 5.0 5.66 6.4 5.39 5.1 5.0 5.1 5.39 5.83 6.4 7.07 6.32 6.08 6.0 6.08 6.32 6.71 7.21 7.81 
6.95 2.06 5.7 2.69 4.24 1.5 4.95 1.12 2.06 5.0 7.91 4.27 2.92 3.16 2.24 1.41 1.0 1.41 2.24 3.16 4.12 3.0 2.0 1.0 99999 1.0 2.0 3.0 4.0 3.16 2.24 1.41 1.0 1.41 2.24 3.16 4.12 3.61 2.83 2.24 2.0 2.24 2.83 3.61 4.47 4.24 3.61 3.16 3.0 3.16 3.61 4.24 5.0 5.0 4.47 4.12 4.0 4.12 4.47 5.0 5.66 5.83 5.39 5.1 5.0 5.1 5.39 5.83 6.4 6.71 6.32 6.08 6.0 6.08 6.32 6.71 7.21 
6.5 1.12 6.04 3.64 3.61 0.5 5.7 2.06 2.06 5.1 7.38 3.35 2.12 4.12 3.16 2.24 1.41 1.0 1.41 2.24 3.16 4.0 3.0 2.0 1.0 99999 1.0 2.0 3.0 4.12 3.16 2.24 1.41 1.0 1.41 2.24 3.16 4.47 3.61 2.83 2.24 2.0 2.24 2.83 3.61 5.0 4.24 3.61 3.16 3.0 3.16 3.61 4.24 5.66 5.0 4.47 4.12 4.0 4.12 4.47 5.0 6.4 5.83 5.39 5.1 5.0 5.1 5.39 5.83 7.21 6.71 6.32 6.08 6.0 6.08 6.32 6.71 
6.18 0.5 6.52 4.61 3.16 0.5 6.52 3.04 2.5 5.39 6.96 2.5 1.58 5.1 4.12 3.16 2.24 1.41 1.0 1.41 2.24 5.0 4.0 3.0 2.0 1.0 99999 1.0 2.0 5.1 4.12 3.16 2.24 1.41 1.0 1.41 2.24 5.39 4.47 3.61 2.83 2.24 2.0 2.24 2.83 5.83 5.0 4.24 3.61 3.16 3.0 3.16 3.61 6.4 5.66 5.0 4.47 4.12 4.0 4.12 4.47 7.07 6.4 5.83 5.39 5.1 5.0 5.1 5.39 7.81 7.21 6.71 6.32 6.08 6.0 6.08 6.32 
6.02 1.12 7.11 5.59 3.0 1.5 7.38 4.03 3.2 5.83 6.67 1.8 1.58 6.08 5.1 4.12 3.16 2.24 1.41 1.0 1.41 6.0 5.0 4.0 3.0 2.0 1.0 99999 1.0 6.08 5.1 4.12 3.16 2.24 1.41 1.0 1.41 6.32 5.39 4.47 3.61 2.83 2.24 2.0 2.24 6.71 5.83 5.0 4.24 3.61 3.16 3.0 3.16 7.21 6.4 5.66 5.0 4.47 4.12 4.0 4.12 7.81 7.07 6.4 5.83 5.39 5.1 5.0 5.1 8.49 7.81 7.21 6.71 6.32 6.08 6.0 6.08 
6.02 2.06 7.78 6.58 3.16 2.5 8.28 5.02 4.03 6.4 6.52 1.5 2.12 7.07 6.08 5.1 4.12 3.16 2.24 1.41 1.0 7.0 6.0 5.0 4.0 3.0 2.0 1.0 99999 7.07 6.08 5.1 4.12 3.16 2.24 1.41 1.0 7.28 6.32 5.39 4.47 3.61 2.83 2.24 2.0 7.62 6.71 5.83 5.0 4.24 3.61 3.16 3.0 8.06 7.21 6.4 5.66 5.0 4.47 4.12 4.0 8.6 7.81 7.07 6.4 5.83 5.39 5.1 5.0 9.22 8.49 7.81 7.21 6.71 6.32 6.08 6.0 
8.2 5.02 4.74 0.5 6.32 4.61 2.55 2.5 3.64 5.0 9.3 7.02 6.04 2.0 2.24 2.83 3.61 4.47 5.39 6.32 7.28 1.0 1.41 2.24 3.16 4.12 5.1 6.08 7.07 99999 1.0 2.0 3.0 4.0 5.0 6.0 7.0 1.0 1.41 2.24 3.16 4.12 5.1 6.08 7.07 2.0 2.24 2.83 3.61 4.47 5.39 6.32 7.28 3.0 3.16 3.61 4.24 5.0 5.83 6.71 7.62 4.0 4.12 4.47 5.0 5.66 6.4 7.21 8.06 5.0 5.1 5.39 5.83 6.4 7.07 7.81 8.6 
7.43 4.03 4.53 0.5 5.39 3.64 2.92 1.8 2.69 4.47 8.51 6.02 5.15 2.24 2.0 2.24 2.83 3.61 4.47 5.39 6.32 1.41 1.0 1.41 2.24 3.16 4.12 5.1 6.08 1.0 99999 1.0 2.0 3.0 4.0 5.0 6.0 1.41 1.0 1.41 2.24 3.16 4.12 5.1 6.08 2.24 2.0 2.24 2.83 3.61 4.47 5.39 6.32 3.16 3.0 3.16 3.61 4.24 5.0 5.83 6.71 4.12 4.0 4.12 4.47 5.0 5.66 6.4 7.21 5.1 5.0 5.1 5.39 5.83 6.4 7.07 7.81 
6.73 3.04 4.53 1.5 4.47 2.69 3.54 1.5 1.8 4.12 7.78 5.02 4.3 2.83 2.24 2.0 2.24 2.83 3.61 4.47 5.39 2.24 1.41 1.0 1.41 2.24 3.16 4.12 5.1 2.0 1.0 99999 1.0 2.0 3.0 4.0 5.0 2.24 1.41 1.0 1.41 2.24 3.16 4.12 5.1 2.83 2.24 2.0 2.24 2.83 3.61 4.47 5.39 3.61 3.16 3.0 3.16 3.61 4.24 5.0 5.83 4.47 4.12 4.0 4.12 4.47 5.0 5.66 6.4 5.39 5.1 5.0 5.1 5.39 5.83 6.4 7.07 
6.1 2.06 4.74 2.5 3.61 1.8 4.3 1.8 1.12 4.0 7.11 4.03 3.54 3.61 2.83 2.24 2.0 2.24 2.83 3.61 4.47 3.16 2.24 1.41 1.0 1.41 2.24 3.16 4.12 3.0 2.0 1.0 99999 1.0 2.0 3.0 4.0 3.16 2.24 1.41 1.0 1.41 2.24 3.16 4.12 3.61 2.83 2.24 2.0 2.24 2.83 3.61 4.47 4.24 3.61 3.16 3.0 3.16 3.61 4.24 5.0 5.0 4.47 4.12 4.0 4.12 4.47 5.0 5.66 5.83 5.39 5.1 5.0 5.1 5.39 5.83 6.4 
5.59 1.12 5.15 3.5 2.83 1.12 5.15 2.5 1.12 4.12 6.52 3.04 2.92 4.47 3.61 2.83 2.24 2.0 2.24 2.83 3.61 4.12 3.16 2.24 1.41 1.0 1.41 2.24 3.16 4.0 3.0 2.0 1.0 99999 1.0 2.0 3.0 4.12 3.16 2.24 1.41 1.0 1.41 2.24 3.16 4.47 3.61 2.83 2.24 2.0 2.24 2.83 3.61 5.0 4.24 3.61 3.16 3.0 3.16 3.61 4.24 5.66 5.0 4.47 4.12 4.0 4.12 4.47 5.0 6.4 5.83 5.39 5.1 5.0 5.1 5.39 5.83 
5.22 0.5 5.7 4.5 2.24 1.12 6.04 3.35 1.8 4.47 6.04 2.06 2.55 5.39 4.47 3.61 2.83 2.24 2.0 2.24 2.83 5.1 4.12 3.16 2.24 1.41 1.0 1.41 2.24 5.0 4.0 3.0 2.0 1.0 99999 1.0 2.0 5.1 4.12 3.16 2.24 1.41 1.0 1.41 2.24 5.39 4.47 3.61 2.83 2.24 2.0 2.24 2.83 5.83 5.0 4.24 3.61 3.16 3.0 3.16 3.61 6.4 5.66 5.0 4.47 4.12 4.0 4.12 4.47 7.07 6.4 5.83 5.39 5.1 5.0 5.1 5.39 
5.02 1.12 6.36 5.5 2.0 1.8 6.96 4.27 2.69 5.0 5.7 1.12 2.55 6.32 5.39 4.47 3.61 2.83 2.24 2.0 2.24 6.08 5.1 4.12 3.16 2.24 1.41 1.0 1.41 6.0 5.0 4.0 3.0 2.0 1.0 99999 1.0 6.08 5.1 4.12 3.16 2.24 1.41 1.0 1.41 6.32 5.39 4.47 3.61 2.83 2.24 2.0 2.24 6.71 5.83 5.0 4.24 3.61 3.16 3.0 3.16 7.21 6.4 5.66 5.0 4.47 4.12 4.0 4.12 7.81 7.07 6.4 5.83 5.39 5.1 5.0 5.1 
5.02 2.06 7.11 6.5 2.24 2.69 7.91 5.22 3.64 5.66 5.52 0.5 2.92 7.28 6.32 5.39 4.47 3.61 2.83 2.24 2.0 7.07 6.08 5.1 4.12 3.16 2.24 1.41 1.0 7.0 6.0 5.0 4.0 3.0 2.0 1.0 99999 7.07 6.08 5.1 4.12 3.16 2.24 1.41 1.0 7.28 6.32 5.39 4.47 3.61 2.83 2.24 2.0 7.62 6.71 5.83 5.0 4.24 3.61 3.16 3.0 8.06 7.21 6.4 5.66 5.0 4.47 4.12 4.0 8.6 7.81 7.07 6.4 5.83 5.39 5.1 5.0 
7.63 5.22 3.81 1.12 6.08 4.92 1.58 3.2 3.5 4.24 8.75 7.02 6.52 3.0 3.16 3.61 4.24 5.0 5.83 6.71 7.62 2.0 2.24 2.83 3.61 4.47 5.39 6.32 7.28 1.0 1.41 2.24 3.16 4.12 5.1 6.08 7.07 99999 1.0 2.0 3.0 4.0 5.0 6.0 7.0 1.0 1.41 2.24 3.16 4.12 5.1 6.08 7.07 2.0 2.24 2.83 3.61 4.47 5.39 6.32 7.28 3.0 3.16 3.61 4.24 5.0 5.83 6.71 7.62 4.0 4.12 4.47 5.0 5.66 6.4 7.21 8.06 
6.8 4.27 3.54 1.12 5.1 4.03 2.12 2.69 2.5 3.61 7.91 6.02 5.7 3.16 3.0 3.16 3.61 4.24 5.0 5.83 6.71 2.24 2.0 2.24 2.83 3.61 4.47 5.39 6.32 1.41 1.0 1.41 2.24 3.16 4.12 5.1 6.08 1.0 99999 1.0 2.0 3.0 4.0 5.0 6.0 1.41 1.0 1.41 2.24 3.16 4.12 5.1 6.08 2.24 2.0 2.24 2.83 3.61 4.47 5.39 6.32 3.16 3.0 3.16 3.61 4.24 5.0 5.83 6.71 4.12 4.0 4.12 4.47 5.0 5.66 6.4 7.21 
6.02 3.35 3.54 1.8 4.12 3.2 2.92 2.5 1.5 3.16 7.11 5.02 4.95 3.61 3.16 3.0 3.16 3.61 4.24 5.0 5.83 2.83 2.24 2.0 2.24 2.83 3.61 4.47 5.39 2.24 1.41 1.0 1.41 2.24 3.16 4.12 5.1 2.0 1.0 99999 1.0 2.0 3.0 4.0 5.0 2.24 1.41 1.0 1.41 2.24 3.16 4.12 5.1 2.83 2.24 2.0 2.24 2.83 3.61 4.47 5.39 3.61 3.16 3.0 3.16 3.61 4.24 5.0 5.83 4.47 4.12 4.0 4.12 4.47 5.0 5.66 6.4 
5.32 2.5 3.81 2.69 3.16 2.5 3.81 2.69 0.5 3.0 6.36 4.03 4.3 4.24 3.61 3.16 3.0 3.16 3.61 4.24 5.0 3.61 2.83 2.24 2.0 2.24 2.83 3.61 4.47 3.16 2.24 1.41 1.0 1.41 2.24 3.16 4.12 3.0 2.0 1.0 99999 1.0 2.0 3.0 4.0 3.16 2.24 1.41 1.0 1.41 2.24 3.16 4.12 3.61 2.83 2.24 2.0 2.24 2.83 3.61 4.47 4.24 3.61 3.16 3.0 3.16 3.61 4.24 5.0 5.0 4.47 4.12 4.0 4.12 4.47 5.0 5.66 
4.72 1.8 4.3 3.64 2.24 2.06 4.74 3.2 0.5 3.16 5.7 3.04 3.81 5.0 4.24 3.61 3.16 3.0 3.16 3.61 4.24 4.47 3.61 2.83 2.24 2.0 2.24 2.83 3.61 4.12 3.16 2.24 1.41 1.0 1.41 2.24 3.16 4.0 3.0 2.0 1.0 99999 1.0 2.0 3.0 4.12 3.16 2.24 1.41 1.0 1.41 2.24 3.16 4.47 3.61 2.83 2.24 2.0 2.24 2.83 3.61 5.0 4.24 3.61 3.16 3.0 3.16 3.61 4.24 5.66 5.0 4.47 4.12 4.0 4.12 4.47 5.0 
4.27 1.5 4.95 4.61 1.41 2.06 5.7 3.91 1.5 3.61 5.15 2.06 3.54 5.83 5.0 4.24 3.61 3.16 3.0 3.16 3.61 5.39 4.47 3.61 2.83 2.24 2.0 2.24 2.83 5.1 4.12 3.16 2.24 1.41 1.0 1.41 2.24 5.0 4.0 3.0 2.0 1.0 99999 1.0 2.0 5.1 4.12 3.16 2.24 1.41 1.0 1.41 2.24 5.39 4.47 3.61 2.83 2.24 2.0 2.24 2.83 5.83 5.0 4.24 3.61 3.16 3.0 3.16 3.61 6.4 5.66 5.0 4.47 4.12 4.0 4.12 4.47 
4.03 1.8 5.7 5.59 1.0 2.5 6.67 4.72 2.5 4.24 4.74 1.12 3.54 6.71 5.83 5.0 4.24 3.61 3.16 3.0 3.16 6.32 5.39 4.47 3.61 2.83 2.24 2.0 2.24 6.08 5.1 4.12 3.16 2.24 1.41 1.0 1.41 6.0 5.0 4.0 3.0 2.0 1.0 99999 1.0 6.08 5.1 4.12 3.16 2.24 1.41 1.0 1.41 6.32 5.39 4.47 3.61 2.83 2.24 2.0 2.24 6.71 5.83 5.0 4.24 3.61 3.16 3.0 3.16 7.21 6.4 5.66 5.0 4.47 4.12 4.0 4.12 
4.03 2.5 6.52 6.58 1.41 3.2 7.65 5.59 3.5 5.0 4.53 0.5 3.81 7.62 6.71 5.83 5.0 4.24 3.61 3.16 3.0 7.28 6.32 5.39 4.47 3.61 2.83 2.24 2.0 7.07 6.08 5.1 4.12 3.16 2.24 1.41 1.0 7.0 6.0 5.0 4.0 3.0 2.0 1.0 99999 7.07 6.08 5.1 4.12 3.16 2.24 1.41 1.0 7.28 6.32 5.39 4.47 3.61 2.83 2.24 2.0 7.62 6.71 5.83 5.0 4.24 3.61 3.16 3.0 8.06 7.21 6.4 5.66 5.0 4.47 4.12 4.0 
7.16 5.59 2.92 2.06 6.0 5.41 0.71 4.03 3.64 3.61 8.28 7.16 7.11 4.0 4.12 4.47 5.0 5.66 6.4 7.21 8.06 3.0 3.16 3.61 4.24 5.0 5.83 6.71 7.62 2.0 2.24 2.83 3.61 4.47 5.39 6.32 7.28 1.0 1.41 2.24 3.16 4.12 5.1 6.08 7.07 99999 1.0 2.0 3.0 4.0 5.0 6.0 7.0 1.0 1.41 2.24 3.16 4.12 5.1 6.08 7.07 2.0 2.24 2.83 3.61 4.47 5.39 6.32 7.28 3.0 3.16 3.61 4.24 5.0 5.83 6.71 7.62 
6.26 4.72 2.55 2.06 5.0 4.61 1.58 3.64 2.69 2.83 7.38 6.18 6.36 4.12 4.0 4.12 4.47 5.0 5.66 6.4 7.21 3.16 3.0 3.16 3.61 4.24 5.0 5.83 6.71 2.24 2.0 2.24 2.83 3.61 4.47 5.39 6.32 1.41 1.0 1.41 2.24 3.16 4.12 5.1 6.08 1.0 99999 1.0 2.0 3.0 4.0 5.0 6.0 1.41 1.0 1.41 2.24 3.16 4.12 5.1 6.08 2.24 2.0 2.24 2.83 3.61 4.47 5.39 6.32 3.16 3.0 3.16 3.61 4.24 5.0 5.83 6.71 
5.41 3.91 2.55 2.5 4.0 3.91 2.55 3.5 1.8 2.24 6.52 5.22 5.7 4.47 4.12 4.0 4.12 4.47 5.0 5.66 6.4 3.61 3.16 3.0 3.16 3.61 4.24 5.0 5.83 2.83 2.24 2.0 2.24 2.83 3.61 4.47 5.39 2.24 1.41 1.0 1.41 2.24 3.16 4.12 5.1 2.0 1.0 99999 1.0 2.0 3.0 4.0 5.0 2.24 1.41 1.0 1.41 2.24 3.16 4.12 5.1 2.83 2.24 2.0 2.24 2.83 3.61 4.47 5.39 3.61 3.16 3.0 3.16 3.61 4.24 5.0 5.83 
4.61 3.2 2.92 3.2 3.0 3.35 3.54 3.64 1.12 2.0 5.7 4.27 5.15 5.0 4.47 4.12 4.0 4.12 4.47 5.0 5.66 4.24 3.61 3.16 3.0 3.16 3.61 4.24 5.0 3.61 2.83 2.24 2.0 2.24 2.83 3.61 4.47 3.16 2.24 1.41 1.0 1.41 2.24 3.16 4.12 3.0 2.0 1.0 99999 1.0 2.0 3.0 4.0 3.16 2.24 1.41 1.0 1.41 2.24 3.16 4.12 3.61 2.83 2.24 2.0 2.24 2.83 3.61 4.47 4.24 3.61 3.16 3.0 3.16 3.61 4.24 5.0 
3.91 2.69 3.54 4.03 2.0 3.04 4.53 4.03 1.12 2.24 4.95 3.35 4.74 5.66 5.0 4.47 4.12 4.0 4.12 4.47 5.0 5.0 4.24 3.61 3.16 3.0 3.16 3.61 4.24 4.47 3.61 2.83 2.24 2.0 2.24 2.83 3.61 4.12 3.16 2.24 1.41 1.0 1.41 2.24 3.16 4.0 3.0 2.0 1.0 99999 1.0 2.0 3.0 4.12 3.16 2.24 1.41 1.0 1.41 2.24 3.16 4.47 3.61 2.83 2.24 2.0 2.24 2.83 3.61 5.0 4.24 3.61 3.16 3.0 3.16 3.61 4.24 
3.35 2.5 4.3 4.92 1.0 3.04 5.52 4.61 1.8 2.83 4.3 2.5 4.53 6.4 5.66 5.0 4.47 4.12 4.0 4.12 4.47 5.83 5.0 4.24 3.61 3.16 3.0 3.16 3.61 5.39 4.47 3.61 2.83 2.24 2.0 2.24 2.83 5.1 4.12 3.16 2.24 1.41 1.0 1.41 2.24 5.0 4.0 3.0 2.0 1.0 99999 1.0 2.0 5.1 4.12 3.16 2.24 1.41 1.0 1.41 2.24 5.39 4.47 3.61 2.83 2.24 2.0 2.24 2.83 5.83 5.0 4.24 3.61 3.16 3.0 3.16 3.61 
3.04 2.69 5.15 5.85 0.0 3.35 6.52 5.32 2.69 3.61 3.81 1.8 4.53 7.21 6.4 5.66 5.0 4.47 4.12 4.0 4.12 6.71 5.83 5.0 4.24 3.61 3.16 3.0 3.16 6.32 5.39 4.47 3.61 2.83 2.24 2.0 2.24 6.08 5.1 4.12 3.16 2.24 1.41 1.0 1.41 6.0 5.0 4.0 3.0 2.0 1.0 99999 1.0 6.08 5.1 4.12 3.16 2.24 1.41 1.0 1.41 6.32 5.39 4.47 3.61 2.83 2.24 2.0 2.24 6.71 5.83 5.0 4.24 3.61 3.16 3.0 3.16 
3.04 3.2 6.04 6.8 1.0 3.91 7.52 6.1 3.64 4.47 3.54 1.5 4.74 8.06 7.21 6.4 5.66 5.0 4.47 4.12 4.0 7.62 6.71 5.83 5.0 4.24 3.61 3.16 3.0 7.28 6.32 5.39 4.47 3.61 2.83 2.24 2.0 7.07 6.08 5.1 4.12 3.16 2.24 1.41 1.0 7.0 6.0 5.0 4.0 3.0 2.0 1.0 99999 7.07 6.08 5.1 4.12 3.16 2.24 1.41 1.0 7.28 6.32 5.39 4.47 3.61 2.83 2.24 2.0 7.62 6.71 5.83 5.0 4.24 3.61 3.16 3.0 
6.8 6.1 2.12 3.04 6.08 6.02 0.71 4.92 4.03 3.16 7.91 7.43 7.78 5.0 5.1 5.39 5.83 6.4 7.07 7.81 8.6 4.0 4.12 4.47 5.0 5.66 6.4 7.21 8.06 3.0 3.16 3.61 4.24 5.0 5.83 6.71 7.62 2.0 2.24 2.83 3.61 4.47 5.39 6.32 7.28 1.0 1.41 2.24 3.16 4.12 5.1 6.08 7.07 99999 1.0 2.0 3.0 4.0 5.0 6.0 7.0 1.0 1.41 2.24 3.16 4.12 5.1 6.08 7.07 2.0 2.24 2.83 3.61 4.47 5.39 6.32 7.28 
5.85 5.32 1.58 3.04 5.1 5.32 1.58 4.61 3.2 2.24 6.96 6.5 7.11 5.1 5.0 5.1 5.39 5.83 6.4 7.07 7.81 4.12 4.0 4.12 4.47 5.0 5.66 6.4 7.21 3.16 3.0 3.16 3.61 4.24 5.0 5.83 6.71 2.24 2.0 2.24 2.83 3.61 4.47 5.39 6.32 1.41 1.0 1.41 2.24 3.16 4.12 5.1 6.08 1.0 99999 1.0 2.0 3.0 4.0 5.0 6.0 1.41 1.0 1.41 2.24 3.16 4.12 5.1 6.08 2.24 2.0 2.24 2.83 3.61 4.47 5.39 6.32 
4.92 4.61 1.58 3.35 4.12 4.72 2.55 4.5 2.5 1.41 6.04 5.59 6.52 5.39 5.1 5.0 5.1 5.39 5.83 6.4 7.07 4.47 4.12 4.0 4.12 4.47 5.0 5.66 6.4 3.61 3.16 3.0 3.16 3.61 4.24 5.0 5.83 2.83 2.24 2.0 2.24 2.83 3.61 4.47 5.39 2.24 1.41 1.0 1.41 2.24 3.16 4.12 5.1 2.0 1.0 99999 1.0 2.0 3.0 4.0 5.0 2.24 1.41 1.0 1.41 2.24 3.16 4.12 5.1 2.83 2.24 2.0 2.24 2.83 3.61 4.47 5.39 
4.03 4.03 2.12 3.91 3.16 4.27 3.54 4.61 2.06 1.0 5.15 4.72 6.04 5.83 5.39 5.1 5.0 5.1 5.39 5.83 6.4 5.0 4.47 4.12 4.0 4.12 4.47 5.0 5.66 4.24 3.61 3.16 3.0 3.16 3.61 4.24 5.0 3.61 2.83 2.24 2.0 2.24 2.83 3.61 4.47 3.16 2.24 1.41 1.0 1.41 2.24 3.16 4.12 3.0 2.0 1.0 99999 1.0 2.0 3.0 4.0 3.16 2.24 1.41 1.0 1.41 2.24 3.16 4.12 3.61 2.83 2.24 2.0 2.24 2.83 3.61 4.47 
3.2 3.64 2.92 4.61 2.24 4.03 4.53 4.92 2.06 1.41 4.3 3.91 5.7 6.4 5.83 5.39 5.1 5.0 5.1 5.39 5.83 5.66 5.0 4.47 4.12 4.0 4.12 4.47 5.0 5.0 4.24 3.61 3.16 3.0 3.16 3.61 4.24 4.47 3.61 2.83 2.24 2.0 2.24 2.83 3.61 4.12 3.16 2.24 1.41 1.0 1.41 2.24 3.16 4.0 3.0 2.0 1.0 99999 1.0 2.0 3.0 4.12 3.16 2.24 1.41 1.0 1.41 2.24 3.16 4.47 3.61 2.83 2.24 2.0 2.24 2.83 3.61 
2.5 3.5 3.81 5.41 1.41 4.03 5.52 5.41 2.5 2.24 3.54 3.2 5.52 7.07 6.4 5.83 5.39 5.1 5.0 5.1 5.39 6.4 5.66 5.0 4.47 4.12 4.0 4.12 4.47 5.83 5.0 4.24 3.61 3.16 3.0 3.16 3.61 5.39 4.47 3.61 2.83 2.24 2.0 2.24 2.83 5.1 4.12 3.16 2.24 1.41 1.0 1.41 2.24 5.0 4.0 3.0 2.0 1.0 99999 1.0 2.0 5.1 4.12 3.16 2.24 1.41 1.0 1.41 2.24 5.39 4.47 3.61 2.83 2.24 2.0 2.24 2.83 
2.06 3.64 4.74 6.26 1.0 4.27 6.52 6.02 3.2 3.16 2.92 2.69 5.52 7.81 7.07 6.4 5.83 5.39 5.1 5.0 5.1 7.21 6.4 5.66 5.0 4.47 4.12 4.0 4.12 6.71 5.83 5.0 4.24 3.61 3.16 3.0 3.16 6.32 5.39 4.47 3.61 2.83 2.24 2.0 2.24 6.08 5.1 4.12 3.16 2.24 1.41 1.0 1.41 6.0 5.0 4.0 3.0 2.0 1.0 99999 1.0 6.08 5.1 4.12 3.16 2.24 1.41 1.0 1.41 6.32 5.39 4.47 3.61 2.83 2.24 2.0 2.24 
2.06 4.03 5.7 7.16 1.41 4.72 7.52 6.73 4.03 4.12 2.55 2.5 5.7 8.6 7.81 7.07 6.4 5.83 5.39 5.1 5.0 8.06 7.21 6.4 5.66 5.0 4.47 4.12 4.0 7.62 6.71 5.83 5.0 4.24 3.61 3.16 3.0 7.28 6.32 5.39 4.47 3.61 2.83 2.24 2.0 7.07 6.08 5.1 4.12 3.16 2.24 1.41 1.0 7.0 6.0 5.0 4.0 3.0 2.0 1.0 99999 7.07 6.08 5.1 4.12 3.16 2.24 1.41 1.0 7.28 6.32 5.39 4.47 3.61 2.83 2.24 2.0 
6.58 6.73 1.58 4.03 6.32 6.73 1.58 5.85 4.61 3.0 7.65 7.83 8.51 6.0 6.08 6.32 6.71 7.21 7.81 8.49 9.22 5.0 5.1 5.39 5.83 6.4 7.07 7.81 8.6 4.0 4.12 4.47 5.0 5.66 6.4 7.21 8.06 3.0 3.16 3.61 4.24 5.0 5.83 6.71 7.62 2.0 2.24 2.83 3.61 4.47 5.39 6.32 7.28 1.0 1.41 2.24 3.16 4.12 5.1 6.08 7.07 99999 1.0 2.0 3.0 4.0 5.0 6.0 7.0 1.0 1.41 2.24 3.16 4.12 5.1 6.08 7.07 
5.59 6.02 0.71 4.03 5.39 6.1 2.12 5.59 3.91 2.0 6.67 6.95 7.91 6.08 6.0 6.08 6.32 6.71 7.21 7.81 8.49 5.1 5.0 5.1 5.39 5.83 6.4 7.07 7.81 4.12 4.0 4.12 4.47 5.0 5.66 6.4 7.21 3.16 3.0 3.16 3.61 4.24 5.0 5.83 6.71 2.24 2.0 2.24 2.83 3.61 4.47 5.39 6.32 1.41 1.0 1.41 2.24 3.16 4.12 5.1 6.08 1.0 99999 1.0 2.0 3.0 4.0 5.0 6.0 1.41 1.0 1.41 2.24 3.16 4.12 5.1 6.08 
4.61 5.41 0.71 4.27 4.47 5.59 2.92 5.5 3.35 1.0 5.7 6.1 7.38 6.32 6.08 6.0 6.08 6.32 6.71 7.21 7.81 5.39 5.1 5.0 5.1 5.39 5.83 6.4 7.07 4.47 4.12 4.0 4.12 4.47 5.0 5.66 6.4 3.61 3.16 3.0 3.16 3.61 4.24 5.0 5.83 2.83 2.24 2.0 2.24 2.83 3.61 4.47 5.39 2.24 1.41 1.0 1.41 2.24 3.16 4.12 5.1 2.0 1.0 99999 1.0 2.0 3.0 4.0 5.0 2.24 1.41 1.0 1.41 2.24 3.16 4.12 5.1 
3.64 4.92 1.58 4.72 3.61 5.22 3.81 5.59 3.04 0.0 4.74 5.32 6.96 6.71 6.32 6.08 6.0 6.08 6.32 6.71 7.21 5.83 5.39 5.1 5.0 5.1 5.39 5.83 6.4 5.0 4.47 4.12 4.0 4.12 4.47 5.0 5.66 4.24 3.61 3.16 3.0 3.16 3.61 4.24 5.0 3.61 2.83 2.24 2.0 2.24 2.83 3.61 4.47 3.16 2.24 1.41 1.0 1.41 2.24 3.16 4.12 3.0 2.0 1.0 99999 1.0 2.0 3.0 4.0 3.16 2.24 1.41 1.0 1.41 2.24 3.16 4.12 
2.69 4.61 2.55 5.32 2.83 5.02 4.74 5.85 3.04 1.0 3.81 4.61 6.67 7.21 6.71 6.32 6.08 6.0 6.08 6.32 6.71 6.4 5.83 5.39 5.1 5.0 5.1 5.39 5.83 5.66 5.0 4.47 4.12 4.0 4.12 4.47 5.0 5.0 4.24 3.61 3.16 3.0 3.16 3.61 4.24 4.47 3.61 2.83 2.24 2.0 2.24 2.83 3.61 4.12 3.16 2.24 1.41 1.0 1.41 2.24 3.16 4.0 3.0 2.0 1.0 99999 1.0 2.0 3.0 4.12 3.16 2.24 1.41 1.0 1.41 2.24 3.16 
1.8 4.5 3.54 6.02 2.24 5.02 5.7 6.26 3.35 2.0 2.92 4.03 6.52 7.81 7.21 6.71 6.32 6.08 6.0 6.08 6.32 7.07 6.4 5.83 5.39 5.1 5.0 5.1 5.39 6.4 5.66 5.0 4.47 4.12 4.0 4.12 4.47 5.83 5.0 4.24 3.61 3.16 3.0 3.16 3.61 5.39 4.47 3.61 2.83 2.24 2.0 2.24 2.83 5.1 4.12 3.16 2.24 1.41 1.0 1.41 2.24 5.0 4.0 3.0 2.0 1.0 99999 1.0 2.0 5.1 4.12 3.16 2.24 1.41 1.0 1.41 2.24 
1.12 4.61 4.53 6.8 2.0 5.22 6.67 6.8 3.91 3.0 2.12 3.64 6.52 8.49 7.81 7.21 6.71 6.32 6.08 6.0 6.08 7.81 7.07 6.4 5.83 5.39 5.1 5.0 5.1 7.21 6.4 5.66 5.0 4.47 4.12 4.0 4.12 6.71 5.83 5.0 4.24 3.61 3.16 3.0 3.16 6.32 5.39 4.47 3.61 2.83 2.24 2.0 2.24 6.08 5.1 4.12 3.16 2.24 1.41 1.0 1.41 6.0 5.0 4.0 3.0 2.0 1.0 99999 1.0 6.08 5.1 4.12 3.16 2.24 1.41 1.0 1.41 
1.12 4.92 5.52 7.63 2.24 5.59 7.65 7.43 4.61 4.0 1.58 3.5 6.67 9.22 8.49 7.81 7.21 6.71 6.32 6.08 6.0 8.6 7.81 7.07 6.4 5.83 5.39 5.1 5.0 8.06 7.21 6.4 5.66 5.0 4.47 4.12 4.0 7.62 6.71 5.83 5.0 4.24 3.61 3.16 3.0 7.28 6.32 5.39 4.47 3.61 2.83 2.24 2.0 7.07 6.08 5.1 4.12 3.16 2.24 1.41 1.0 7.0 6.0 5.0 4.0 3.0 2.0 1.0 99999 7.07 6.08 5.1 4.12 3.16 2.24 1.41 1.0 
6.5 7.43 1.58 5.02 6.71 7.5 2.55 6.8 5.32 3.16 7.52 8.32 9.3 7.0 7.07 7.28 7.62 8.06 8.6 9.22 9.9 6.0 6.08 6.32 6.71 7.21 7.81 8.49 9.22 5.0 5.1 5.39 5.83 6.4 7.07 7.81 8.6 4.0 4.12 4.47 5.0 5.66 6.4 7.21 8.06 3.0 3.16 3.61 4.24 5.0 5.83 6.71 7.62 2.0 2.24 2.83 3.61 4.47 5.39 6.32 7.28 1.0 1.41 2.24 3.16 4.12 5.1 6.08 7.07 99999 1.0 2.0 3.0 4.0 5.0 6.0 7.0 
5.5 6.8 0.71 5.02 5.83 6.95 2.92 6.58 4.72 2.24 6.52 7.5 8.75 7.07 7.0 7.07 7.28 7.62 8.06 8.6 9.22 6.08 6.0 6.08 6.32 6.71 7.21 7.81 8.49 5.1 5.0 5.1 5.39 5.83 6.4 7.07 7.81 4.12 4.0 4.12 4.47 5.0 5.66 6.4 7.21 3.16 3.0 3.16 3.61 4.24 5.0 5.83 6.71 2.24 2.0 2.24 2.83 3.61 4.47 5.39 6.32 1.41 1.0 1.41 2.24 3.16 4.12 5.1 6.08 1.0 99999 1.0 2.0 3.0 4.0 5.0 6.0 
4.5 6.26 0.71 5.22 5.0 6.5 3.54 6.5 4.27 1.41 5.52 6.73 8.28 7.28 7.07 7.0 7.07 7.28 7.62 8.06 8.6 6.32 6.08 6.0 6.08 6.32 6.71 7.21 7.81 5.39 5.1 5.0 5.1 5.39 5.83 6.4 7.07 4.47 4.12 4.0 4.12 4.47 5.0 5.66 6.4 3.61 3.16 3.0 3.16 3.61 4.24 5.0 5.83 2.83 2.24 2.0 2.24 2.83 3.61 4.47 5.39 2.24 1.41 1.0 1.41 2.24 3.16 4.12 5.1 2.0 1.0 99999 1.0 2.0 3.0 4.0 5.0 
3.5 5.85 1.58 5.59 4.24 6.18 4.3 6.58 4.03 1.0 4.53 6.02 7.91 7.62 7.28 7.07 7.0 7.07 7.28 7.62 8.06 6.71 6.32 6.08 6.0 6.08 6.32 6.71 7.21 5.83 5.39 5.1 5.0 5.1 5.39 5.83 6.4 5.0 4.47 4.12 4.0 4.12 4.47 5.0 5.66 4.24 3.61 3.16 3.0 3.16 3.61 4.24 5.0 3.61 2.83 2.24 2.0 2.24 2.83 3.61 4.47 3.16 2.24 1.41 1.0 1.41 2.24 3.16 4.12 3.0 2.0 1.0 99999 1.0 2.0 3.0 4.0 
2.5 5.59 2.55 6.1 3.61 6.02 5.15 6.8 4.03 1.41 3.54 5.41 7.65 8.06 7.62 7.28 7.07 7.0 7.07 7.28 7.62 7.21 6.71 6.32 6.08 6.0 6.08 6.32 6.71 6.4 5.83 5.39 5.1 5.0 5.1 5.39 5.83 5.66 5.0 4.47 4.12 4.0 4.12 4.47 5.0 5.0 4.24 3.61 3.16 3.0 3.16 3.61 4.24 4.47 3.61 2.83 2.24 2.0 2.24 2.83 3.61 4.12 3.16 2.24 1.41 1.0 1.41 2.24 3.16 4.0 3.0 2.0 1.0 99999 1.0 2.0 3.0 
1.5 5.5 3.54 6.73 3.16 6.02 6.04 7.16 4.27 2.24 2.55 4.92 7.52 8.6 8.06 7.62 7.28 7.07 7.0 7.07 7.28 7.81 7.21 6.71 6.32 6.08 6.0 6.08 6.32 7.07 6.4 5.83 5.39 5.1 5.0 5.1 5.39 6.4 5.66 5.0 4.47 4.12 4.0 4.12 4.47 5.83 5.0 4.24 3.61 3.16 3.0 3.16 3.61 5.39 4.47 3.61 2.83 2.24 2.0 2.24 2.83 5.1 4.12 3.16 2.24 1.41 1.0 1.41 2.24 5.0 4.0 3.0 2.0 1.0 99999 1.0 2.0 
0.5 5.59 4.53 7.43 3.0 6.18 6.96 7.63 4.72 3.16 1.58 4.61 7.52 9.22 8.6 8.06 7.62 7.28 7.07 7.0 7.07 8.49 7.81 7.21 6.71 6.32 6.08 6.0 6.08 7.81 7.07 6.4 5.83 5.39 5.1 5.0 5.1 7.21 6.4 5.66 5.0 4.47 4.12 4.0 4.12 6.71 5.83 5.0 4.24 3.61 3.16 3.0 3.16 6.32 5.39 4.47 3.61 2.83 2.24 2.0 2.24 6.08 5.1 4.12 3.16 2.24 1.41 1.0 1.41 6.0 5.0 4.0 3.0 2.0 1.0 99999 1.0 
0.5 5.85 5.52 8.2 3.16 6.5 7.91 8.2 5.32 4.12 0.71 4.5 7.65 9.9 9.22 8.6 8.06 7.62 7.28 7.07 7.0 9.22 8.49 7.81 7.21 6.71 6.32 6.08 6.0 8.6 7.81 7.07 6.4 5.83 5.39 5.1 5.0 8.06 7.21 6.4 5.66 5.0 4.47 4.12 4.0 7.62 6.71 5.83 5.0 4.24 3.61 3.16 3.0 7.28 6.32 5.39 4.47 3.61 2.83 2.24 2.0 7.07 6.08 5.1 4.12 3.16 2.24 1.41 1.0 7.0 6.0 5.0 4.0 3.0 2.0 1.0 99999 
