N=20;
D=3;
K=2;
S=20;
B=2000;
M=[1 1];
MM=[5 5];
ND=2;
T=100;
C=[
220	150
220	150
220	150
];
beta=[
1	0	0	0	0	0	0	0	0	0	0	0	0	0	0	0	0	0	0	0
0	1	0	0	0	0	0	0	0	0	0	0	0	0	0	0	0	0	0	0
0	0	1	0	0	0	0	0	0	0	0	0	0	0	0	0	0	0	0	0
0	0	0	1	0	0	0	0	0	0	0	0	0	0	0	0	0	0	0	0
0	0	0	0	1	0	0	0	0	0	0	0	0	0	0	0	0	0	0	0
0	0	0	0	0	1	0	0	0	0	0	0	0	0	0	0	0	0	0	0
0	0	0	0	0	0	1	0	0	0	0	0	0	0	0	0	0	0	0	0
0	0	0	0	0	0	0	1	0	0	0	0	0	0	0	0	0	0	0	0
0	0	0	0	0	0	0	0	1	0	0	0	0	0	0	0	0	0	0	0
0	0	0	0	0	0	0	0	0	1	0	0	0	0	0	0	0	0	0	0
0	0	0	0	0	0	0	0	0	0	1	0	0	0	0	0	0	0	0	0
0	0	0	0	0	0	0	0	0	0	0	1	0	0	0	0	0	0	0	0
0	0	0	0	0	0	0	0	0	0	0	0	1	0	0	0	0	0	0	0
0	0	0	0	0	0	0	0	0	0	0	0	0	1	0	0	0	0	0	0
0	0	0	0	0	0	0	0	0	0	0	0	0	0	1	0	0	0	0	0
0	0	0	0	0	0	0	0	0	0	0	0	0	0	0	1	0	0	0	0
0	0	0	0	0	0	0	0	0	0	0	0	0	0	0	0	1	0	0	0
0	0	0	0	0	0	0	0	0	0	0	0	0	0	0	0	0	1	0	0
0	0	0	0	0	0	0	0	0	0	0	0	0	0	0	0	0	0	1	0
0	0	0	0	0	0	0	0	0	0	0	0	0	0	0	0	0	0	0	1
];
alfa=[
1	1	0	0	0	0	0	0	0	0	0	0	0	0	0	0	1	0	0	1
0	0	0	0	0	0	0	0	0	0	0	0	0	0	0	0	0	0	0	0
1	1	0	0	0	0	0	0	0	0	0	0	0	0	0	0	1	0	0	0
1	1	0	0	0	0	0	0	0	0	0	0	0	0	0	0	0	0	0	0
1	1	0	0	0	0	0	0	0	0	0	0	0	0	0	0	0	0	0	0
1	1	0	0	0	0	0	0	0	0	0	0	0	0	0	0	0	0	0	0
];
t=[
5.31	4.97	3.33	4.09	11.65	10.51	13.26	11.20	12.15	9.33	11.34	11.47	12.62	10.53	10.46	9.32	10.40	9.30	8.20	12.31	9.57	6.37
5.31	1.41	1.99	2.87	6.61	5.76	7.95	6.10	7.02	4.70	6.18	6.30	7.38	5.22	5.22	4.10	5.34	4.27	3.25	7.01	4.26	11.13
4.97	1.41	1.87	1.60	6.68	5.57	8.64	6.25	7.20	4.40	6.42	6.55	7.72	5.92	5.60	4.45	5.44	4.34	3.25	7.74	5.01	11.16
3.33	1.99	1.87	2.04	8.40	7.38	9.94	7.93	8.87	6.23	8.05	8.18	9.30	7.20	7.14	6.00	7.14	6.04	4.96	9.00	6.24	9.34
4.09	2.87	1.60	2.04	7.88	6.60	10.14	7.51	8.45	5.41	7.72	7.87	9.07	7.45	7.01	5.87	6.69	5.62	4.55	9.26	6.56	10.46
11.65	6.61	6.68	8.40	7.88	1.53	3.75	0.59	0.69	2.58	0.83	0.88	1.64	3.05	1.82	2.61	1.27	2.36	3.45	3.49	3.45	17.72
10.51	5.76	5.57	7.38	6.60	1.53	5.09	1.53	2.21	1.19	1.93	2.07	3.13	3.65	2.28	2.36	1.19	1.65	2.52	4.65	3.65	16.72
13.26	7.95	8.64	9.94	10.14	3.75	5.09	3.57	3.16	5.77	3.17	3.03	2.22	2.74	3.29	4.32	4.11	4.84	5.72	0.96	3.69	18.72
11.20	6.10	6.25	7.93	7.51	0.59	1.53	3.57	0.95	2.37	0.40	0.54	1.67	2.51	1.24	2.06	0.81	1.91	3.01	3.17	2.86	17.23
12.15	7.02	7.20	8.87	8.45	0.69	2.21	3.16	0.95	3.23	0.86	0.79	0.97	2.93	1.94	2.94	1.76	2.85	3.95	3.02	3.51	18.15
9.33	4.70	4.40	6.23	5.41	2.58	1.19	5.77	2.37	3.23	2.70	2.86	4.04	3.79	2.57	2.07	1.66	1.21	1.57	5.16	3.48	15.56
11.34	6.18	6.42	8.05	7.72	0.83	1.93	3.17	0.40	0.86	2.70	0.16	1.37	2.22	1.09	2.08	1.07	2.10	3.18	2.77	2.69	17.31
11.47	6.30	6.55	8.18	7.87	0.88	2.07	3.03	0.54	0.79	2.86	0.16	1.21	2.21	1.16	2.19	1.22	2.24	3.32	2.66	2.73	17.42
12.62	7.38	7.72	9.30	9.07	1.64	3.13	2.22	1.67	0.97	4.04	1.37	1.21	2.69	2.16	3.30	2.43	3.45	4.51	2.24	3.48	18.48
10.53	5.22	5.92	7.20	7.45	3.05	3.65	2.74	2.51	2.93	3.79	2.22	2.21	2.69	1.38	1.86	2.47	2.63	3.23	1.82	0.96	16.10
10.46	5.22	5.60	7.14	7.01	1.82	2.28	3.29	1.24	1.94	2.57	1.09	1.16	2.16	1.38	1.15	1.09	1.55	2.48	2.60	1.62	16.33
9.32	4.10	4.45	6.00	5.87	2.61	2.36	4.32	2.06	2.94	2.07	2.08	2.19	3.30	1.86	1.15	1.42	0.86	1.41	3.52	1.41	15.23
10.40	5.34	5.44	7.14	6.69	1.27	1.19	4.11	0.81	1.76	1.66	1.07	1.22	2.43	2.47	1.09	1.42	1.10	2.20	3.56	2.53	16.45
9.30	4.27	4.34	6.04	5.62	2.36	1.65	4.84	1.91	2.85	1.21	2.10	2.24	3.45	2.63	1.55	0.86	1.10	1.10	4.14	2.27	15.36
8.20	3.25	3.25	4.96	4.55	3.45	2.52	5.72	3.01	3.95	1.57	3.18	3.32	4.51	3.23	2.48	1.41	2.20	1.10	4.93	2.56	14.29
12.31	7.01	7.74	9.00	9.26	3.49	4.65	0.96	3.17	3.02	5.16	2.77	2.66	2.24	1.82	2.60	3.52	3.56	4.14	4.93	2.76	17.76
9.57	4.26	5.01	6.24	6.56	3.45	3.65	3.69	2.86	3.51	3.48	2.69	2.73	3.48	0.96	1.62	1.41	2.53	2.27	2.56	2.76	15.16
6.37	11.13	11.16	9.34	10.46	17.72	16.72	18.72	17.23	18.15	15.56	17.31	17.42	18.48	16.10	16.33	15.23	16.45	15.36	14.29	17.76	15.16
]; 
