N=30;
D=5;
K=2;
S=30;
B=2000;
M=[1 1];
MM=[5 5];
ND=2;
T=25;
C=[
220	150
220	150
220	150
220	150
220	150
];
beta=[
1	0	0	0	0	0	0	0	0	0	0	0	0	0	0	0	0	0	0	0	0	0	0	0	0	0	0	0	0	0
0	1	0	0	0	0	0	0	0	0	0	0	0	0	0	0	0	0	0	0	0	0	0	0	0	0	0	0	0	0
0	0	1	0	0	0	0	0	0	0	0	0	0	0	0	0	0	0	0	0	0	0	0	0	0	0	0	0	0	0
0	0	0	1	0	0	0	0	0	0	0	0	0	0	0	0	0	0	0	0	0	0	0	0	0	0	0	0	0	0
0	0	0	0	1	0	0	0	0	0	0	0	0	0	0	0	0	0	0	0	0	0	0	0	0	0	0	0	0	0
0	0	0	0	0	1	0	0	0	0	0	0	0	0	0	0	0	0	0	0	0	0	0	0	0	0	0	0	0	0
0	0	0	0	0	0	1	0	0	0	0	0	0	0	0	0	0	0	0	0	0	0	0	0	0	0	0	0	0	0
0	0	0	0	0	0	0	1	0	0	0	0	0	0	0	0	0	0	0	0	0	0	0	0	0	0	0	0	0	0
0	0	0	0	0	0	0	0	1	0	0	0	0	0	0	0	0	0	0	0	0	0	0	0	0	0	0	0	0	0
0	0	0	0	0	0	0	0	0	1	0	0	0	0	0	0	0	0	0	0	0	0	0	0	0	0	0	0	0	0
0	0	0	0	0	0	0	0	0	0	1	0	0	0	0	0	0	0	0	0	0	0	0	0	0	0	0	0	0	0
0	0	0	0	0	0	0	0	0	0	0	1	0	0	0	0	0	0	0	0	0	0	0	0	0	0	0	0	0	0
0	0	0	0	0	0	0	0	0	0	0	0	1	0	0	0	0	0	0	0	0	0	0	0	0	0	0	0	0	0
0	0	0	0	0	0	0	0	0	0	0	0	0	1	0	0	0	0	0	0	0	0	0	0	0	0	0	0	0	0
0	0	0	0	0	0	0	0	0	0	0	0	0	0	1	0	0	0	0	0	0	0	0	0	0	0	0	0	0	0
0	0	0	0	0	0	0	0	0	0	0	0	0	0	0	1	0	0	0	0	0	0	0	0	0	0	0	0	0	0
0	0	0	0	0	0	0	0	0	0	0	0	0	0	0	0	1	0	0	0	0	0	0	0	0	0	0	0	0	0
0	0	0	0	0	0	0	0	0	0	0	0	0	0	0	0	0	1	0	0	0	0	0	0	0	0	0	0	0	0
0	0	0	0	0	0	0	0	0	0	0	0	0	0	0	0	0	0	1	0	0	0	0	0	0	0	0	0	0	0
0	0	0	0	0	0	0	0	0	0	0	0	0	0	0	0	0	0	0	1	0	0	0	0	0	0	0	0	0	0
0	0	0	0	0	0	0	0	0	0	0	0	0	0	0	0	0	0	0	0	1	0	0	0	0	0	0	0	0	0
0	0	0	0	0	0	0	0	0	0	0	0	0	0	0	0	0	0	0	0	0	1	0	0	0	0	0	0	0	0
0	0	0	0	0	0	0	0	0	0	0	0	0	0	0	0	0	0	0	0	0	0	1	0	0	0	0	0	0	0
0	0	0	0	0	0	0	0	0	0	0	0	0	0	0	0	0	0	0	0	0	0	0	1	0	0	0	0	0	0
0	0	0	0	0	0	0	0	0	0	0	0	0	0	0	0	0	0	0	0	0	0	0	0	1	0	0	0	0	0
0	0	0	0	0	0	0	0	0	0	0	0	0	0	0	0	0	0	0	0	0	0	0	0	0	1	0	0	0	0
0	0	0	0	0	0	0	0	0	0	0	0	0	0	0	0	0	0	0	0	0	0	0	0	0	0	1	0	0	0
0	0	0	0	0	0	0	0	0	0	0	0	0	0	0	0	0	0	0	0	0	0	0	0	0	0	0	1	0	0
0	0	0	0	0	0	0	0	0	0	0	0	0	0	0	0	0	0	0	0	0	0	0	0	0	0	0	0	1	0
0	0	0	0	0	0	0	0	0	0	0	0	0	0	0	0	0	0	0	0	0	0	0	0	0	0	0	0	0	1
];
alfa=[
0	0	0	0	0	0	0	0	0	0	0	0	0	0	1	0	0	0	1	0	0	1	0	0	1	1	0	1	0	1
0	0	0	0	0	0	0	0	0	0	0	0	0	0	0	0	0	0	0	0	0	0	0	0	0	0	0	0	0	0
0	0	0	0	0	0	0	0	0	0	0	1	0	1	1	0	1	0	1	0	0	1	0	0	1	1	0	1	0	0
0	0	0	0	0	0	0	0	0	0	0	0	0	0	0	0	0	0	0	0	0	1	0	0	1	1	0	0	0	0
0	1	0	0	0	1	0	0	0	1	1	1	1	1	1	0	1	0	1	0	0	1	0	1	1	1	0	1	0	0
0	0	0	0	0	0	0	0	0	0	0	0	0	0	0	0	0	0	0	0	0	1	0	0	1	1	0	0	0	0
0	0	0	0	0	0	0	0	0	0	0	0	0	0	0	0	0	0	0	0	0	0	0	0	0	0	0	0	0	0
0	0	0	0	0	0	0	0	0	0	0	0	0	0	0	0	0	0	0	0	0	0	0	0	0	0	0	0	0	0
0	0	0	0	0	0	0	0	0	0	0	0	0	0	1	0	0	0	0	0	0	1	0	0	1	1	0	1	0	0
0	0	0	0	0	0	0	0	0	0	0	0	0	0	0	0	0	0	0	0	0	0	0	0	0	0	0	0	0	0
];
t=[
5.31	4.97	3.33	4.09	11.65	10.51	13.26	11.20	12.15	9.33	11.34	11.47	12.62	10.53	10.46	9.32	10.40	9.30	8.20	12.31	9.57	12.06	8.32	12.65	11.36	7.00	16.38	10.43	6.77	7.05	11.72	8.29	11.06	6.37
5.31	1.41	1.99	2.87	6.61	5.76	7.95	6.10	7.02	4.70	6.18	6.30	7.38	5.22	5.22	4.10	5.34	4.27	3.25	7.01	4.26	7.49	3.04	7.65	6.12	1.69	11.20	5.27	1.97	2.94	6.80	3.82	10.81	11.13
4.97	1.41	1.87	1.60	6.68	5.57	8.64	6.25	7.20	4.40	6.42	6.55	7.72	5.92	5.60	4.45	5.44	4.34	3.25	7.74	5.01	7.18	3.60	7.68	6.48	2.59	12.10	5.51	1.82	2.21	6.76	3.38	9.43	11.16
3.33	1.99	1.87	2.04	8.40	7.38	9.94	7.93	8.87	6.23	8.05	8.18	9.30	7.20	7.14	6.00	7.14	6.04	4.96	9.00	6.24	9.03	4.99	9.42	8.04	3.67	13.15	7.14	3.54	4.07	8.53	5.23	10.46	9.34
4.09	2.87	1.60	2.04	7.88	6.60	10.14	7.51	8.45	5.41	7.72	7.87	9.07	7.45	7.01	5.87	6.69	5.62	4.55	9.26	6.56	8.05	5.12	8.82	7.85	4.19	13.67	6.84	3.23	3.10	7.86	4.36	8.42	10.46
11.65	6.61	6.68	8.40	7.88	1.53	3.75	0.59	0.69	2.58	0.83	0.88	1.64	3.05	1.82	2.61	1.27	2.36	3.45	3.49	3.45	2.00	3.76	1.05	1.36	5.16	7.51	1.45	4.88	4.79	0.58	3.57	11.29	17.72
10.51	5.76	5.57	7.38	6.60	1.53	5.09	1.53	2.21	1.19	1.93	2.07	3.13	3.65	2.28	2.36	1.19	1.65	2.52	4.65	3.65	1.76	3.33	2.27	2.41	4.56	8.91	1.71	3.86	3.50	1.30	2.24	9.85	16.72
13.26	7.95	8.64	9.94	10.14	3.75	5.09	3.57	3.16	5.77	3.17	3.03	2.22	2.74	3.29	4.32	4.11	4.84	5.72	0.96	3.69	5.63	5.04	3.91	2.72	6.27	3.84	3.69	6.92	7.42	4.28	6.46	14.94	18.72
11.20	6.10	6.25	7.93	7.51	0.59	1.53	3.57	0.95	2.37	0.40	0.54	1.67	2.51	1.24	2.06	0.81	1.91	3.01	3.17	2.86	2.46	3.20	1.61	0.93	4.62	7.39	0.87	4.43	4.46	1.08	3.28	11.38	17.23
12.15	7.02	7.20	8.87	8.45	0.69	2.21	3.16	0.95	3.23	0.86	0.79	0.97	2.93	1.94	2.94	1.76	2.85	3.95	3.02	3.51	2.48	4.07	0.96	1.19	5.50	6.86	1.75	5.38	5.39	1.14	4.19	11.96	18.15
9.33	4.70	4.40	6.23	5.41	2.58	1.19	5.77	2.37	3.23	2.70	2.86	4.04	3.79	2.57	2.07	1.66	1.21	1.57	5.16	3.48	2.80	2.71	3.43	3.06	3.70	9.60	2.09	2.76	2.31	2.47	1.05	9.28	15.56
11.34	6.18	6.42	8.05	7.72	0.83	1.93	3.17	0.40	0.86	2.70	0.16	1.37	2.22	1.09	2.08	1.07	2.10	3.18	2.77	2.69	2.81	3.21	1.72	0.55	4.64	6.99	0.91	4.59	4.71	1.39	3.57	11.78	17.31
11.47	6.30	6.55	8.18	7.87	0.88	2.07	3.03	0.54	0.79	2.86	0.16	1.21	2.21	1.16	2.19	1.22	2.24	3.32	2.66	2.73	2.88	3.31	1.69	0.48	4.74	6.85	1.04	4.73	4.86	1.45	3.72	11.92	17.42
12.62	7.38	7.72	9.30	9.07	1.64	3.13	2.22	1.67	0.97	4.04	1.37	1.21	2.69	2.16	3.30	2.43	3.45	4.51	2.24	3.48	3.42	4.35	1.70	1.26	5.77	5.89	2.22	5.90	6.08	2.12	4.93	12.93	18.48
10.53	5.22	5.92	7.20	7.45	3.05	3.65	2.74	2.51	2.93	3.79	2.22	2.21	2.69	1.38	1.86	2.47	2.63	3.23	1.82	0.96	4.97	2.33	3.88	1.75	3.53	6.25	1.94	4.25	4.92	3.59	4.18	13.04	16.10
10.46	5.22	5.60	7.14	7.01	1.82	2.28	3.29	1.24	1.94	2.57	1.09	1.16	2.16	1.38	1.15	1.09	1.55	2.48	2.60	1.62	3.63	2.20	2.79	0.90	3.62	7.09	0.57	3.80	4.15	2.30	3.17	11.85	16.33
9.32	4.10	4.45	6.00	5.87	2.61	2.36	4.32	2.06	2.94	2.07	2.08	2.19	3.30	1.86	1.15	1.42	0.86	1.41	3.52	1.41	4.03	1.14	3.66	2.04	2.56	8.03	1.19	2.65	3.11	2.94	2.32	11.21	15.23
10.40	5.34	5.44	7.14	6.69	1.27	1.19	4.11	0.81	1.76	1.66	1.07	1.22	2.43	2.47	1.09	1.42	1.10	2.20	3.56	2.53	2.67	2.54	2.31	1.40	3.92	7.95	0.53	3.63	3.66	1.53	2.50	10.87	16.45
9.30	4.27	4.34	6.04	5.62	2.36	1.65	4.84	1.91	2.85	1.21	2.10	2.24	3.45	2.63	1.55	0.86	1.10	1.10	4.14	2.27	3.40	1.68	3.39	2.27	2.94	8.63	1.24	2.53	2.64	2.53	1.62	10.42	15.36
8.20	3.25	3.25	4.96	4.55	3.45	2.52	5.72	3.01	3.95	1.57	3.18	3.32	4.51	3.23	2.48	1.41	2.20	1.10	4.93	2.56	4.26	1.34	4.47	3.30	2.13	9.43	2.29	1.43	1.71	3.57	1.15	10.01	14.29
12.31	7.01	7.74	9.00	9.26	3.49	4.65	0.96	3.17	3.02	5.16	2.77	2.66	2.24	1.82	2.60	3.52	3.56	4.14	4.93	2.76	5.47	4.14	3.91	2.24	5.33	4.51	3.08	6.05	6.64	4.06	5.75	14.43	17.76
9.57	4.26	5.01	6.24	6.56	3.45	3.65	3.69	2.86	3.51	3.48	2.69	2.73	3.48	0.96	1.62	1.41	2.53	2.27	2.56	2.76	5.19	1.45	4.40	2.35	2.57	7.11	2.08	3.40	4.19	3.92	3.63	12.55	15.16
12.06	7.49	7.18	9.03	8.05	2.00	1.76	5.63	2.46	2.48	2.80	2.81	2.88	3.42	4.97	3.63	4.03	2.67	3.40	4.26	5.47	5.19	5.07	1.81	3.35	6.32	9.25	3.11	5.55	5.02	1.42	3.80	9.83	18.34
8.32	3.04	3.60	4.99	5.12	3.76	3.33	5.04	3.20	4.07	2.71	3.21	3.31	4.35	2.33	2.20	1.14	2.54	1.68	1.34	4.14	1.45	5.07	4.80	3.09	1.43	8.56	2.33	1.95	2.80	4.07	2.48	11.31	14.13
12.65	7.65	7.68	9.42	8.82	1.05	2.27	3.91	1.61	0.96	3.43	1.72	1.69	1.70	3.88	2.79	3.66	2.31	3.39	4.47	3.91	4.40	1.81	4.80	2.13	6.21	7.44	2.48	5.89	5.72	0.97	4.47	11.59	18.75
11.36	6.12	6.48	8.04	7.85	1.36	2.41	2.72	0.93	1.19	3.06	0.55	0.48	1.26	1.75	0.90	2.04	1.40	2.27	3.30	2.24	2.35	3.35	3.09	2.13	4.52	6.55	1.04	4.66	4.91	1.93	3.84	12.24	17.23
7.00	1.69	2.59	3.67	4.19	5.16	4.56	6.27	4.62	5.50	3.70	4.64	4.74	5.77	3.53	3.62	2.56	3.92	2.94	2.13	5.33	2.57	6.32	1.43	6.21	4.52	9.57	3.76	1.58	2.78	5.43	3.10	11.32	12.71
16.38	11.20	12.10	13.15	13.67	7.51	8.91	3.84	7.39	6.86	9.60	6.99	6.85	5.89	6.25	7.09	8.03	7.95	8.63	9.43	4.51	7.11	9.25	8.56	7.44	6.55	9.57	7.52	10.50	11.14	8.00	10.26	18.77	21.29
10.43	5.27	5.51	7.14	6.84	1.45	1.71	3.69	0.87	1.75	2.09	0.91	1.04	2.22	1.94	0.57	1.19	0.53	1.24	2.29	3.08	2.08	3.11	2.33	2.48	1.04	3.76	7.52	3.69	3.88	1.85	2.80	11.35	16.40
6.77	1.97	1.82	3.54	3.23	4.88	3.86	6.92	4.43	5.38	2.76	4.59	4.73	5.90	4.25	3.80	2.65	3.63	2.53	1.43	6.05	3.40	5.55	1.95	5.89	4.66	1.58	10.50	3.69	1.21	4.99	1.86	9.74	12.88
7.05	2.94	2.21	4.07	3.10	4.79	3.50	7.42	4.46	5.39	2.31	4.71	4.86	6.08	4.92	4.15	3.11	3.66	2.64	1.71	6.64	4.19	5.02	2.80	5.72	4.91	2.78	11.14	3.88	1.21	4.76	1.26	8.59	13.33
11.72	6.80	6.76	8.53	7.86	0.58	1.30	4.28	1.08	1.14	2.47	1.39	1.45	2.12	3.59	2.30	2.94	1.53	2.53	3.57	4.06	3.92	1.42	4.07	0.97	1.93	5.43	8.00	1.85	4.99	4.76	3.51	10.84	17.87
8.29	3.82	3.38	5.23	4.36	3.57	2.24	6.46	3.28	4.19	1.05	3.57	3.72	4.93	4.18	3.17	2.32	2.50	1.62	1.15	5.75	3.63	3.80	2.48	4.47	3.84	3.10	10.26	2.80	1.86	1.26	3.51	8.92	14.54
11.06	10.81	9.43	10.46	8.42	11.29	9.85	14.94	11.38	11.96	9.28	11.78	11.92	12.93	13.04	11.85	11.21	10.87	10.42	10.01	14.43	12.55	9.83	11.31	11.59	12.24	11.32	18.77	11.35	9.74	8.59	10.84	8.92	16.57
6.37	11.13	11.16	9.34	10.46	17.72	16.72	18.72	17.23	18.15	15.56	17.31	17.42	18.48	16.10	16.33	15.23	16.45	15.36	14.29	17.76	15.16	18.34	14.13	18.75	17.23	12.71	21.29	16.40	12.88	13.33	17.87	14.54	16.57
]; 
