N=50;
D=20;
K=2;
S=50;
B=2000;
M=[1 1];
MM=[5 5];
ND=2;
T=13.07;
C=[
220	150
220	150
220	150
220	150
220	150
220	150
220	150
220	150
220	150
220	150
220	150
220	150
220	150
220	150
220	150
220	150
220	150
220	150
220	150
220	150
];
beta=[
1	0	0	0	0	0	0	0	0	0	0	0	0	0	0	0	0	0	0	0	0	0	0	0	0	0	0	0	0	0	0	0	0	0	0	0	0	0	0	0	0	0	0	0	0	0	0	0	0	0
0	1	0	0	0	0	0	0	0	0	0	0	0	0	0	0	0	0	0	0	0	0	0	0	0	0	0	0	0	0	0	0	0	0	0	0	0	0	0	0	0	0	0	0	0	0	0	0	0	0
0	0	1	0	0	0	0	0	0	0	0	0	0	0	0	0	0	0	0	0	0	0	0	0	0	0	0	0	0	0	0	0	0	0	0	0	0	0	0	0	0	0	0	0	0	0	0	0	0	0
0	0	0	1	0	0	0	0	0	0	0	0	0	0	0	0	0	0	0	0	0	0	0	0	0	0	0	0	0	0	0	0	0	0	0	0	0	0	0	0	0	0	0	0	0	0	0	0	0	0
0	0	0	0	1	0	0	0	0	0	0	0	0	0	0	0	0	0	0	0	0	0	0	0	0	0	0	0	0	0	0	0	0	0	0	0	0	0	0	0	0	0	0	0	0	0	0	0	0	0
0	0	0	0	0	1	0	0	0	0	0	0	0	0	0	0	0	0	0	0	0	0	0	0	0	0	0	0	0	0	0	0	0	0	0	0	0	0	0	0	0	0	0	0	0	0	0	0	0	0
0	0	0	0	0	0	1	0	0	0	0	0	0	0	0	0	0	0	0	0	0	0	0	0	0	0	0	0	0	0	0	0	0	0	0	0	0	0	0	0	0	0	0	0	0	0	0	0	0	0
0	0	0	0	0	0	0	1	0	0	0	0	0	0	0	0	0	0	0	0	0	0	0	0	0	0	0	0	0	0	0	0	0	0	0	0	0	0	0	0	0	0	0	0	0	0	0	0	0	0
0	0	0	0	0	0	0	0	1	0	0	0	0	0	0	0	0	0	0	0	0	0	0	0	0	0	0	0	0	0	0	0	0	0	0	0	0	0	0	0	0	0	0	0	0	0	0	0	0	0
0	0	0	0	0	0	0	0	0	1	0	0	0	0	0	0	0	0	0	0	0	0	0	0	0	0	0	0	0	0	0	0	0	0	0	0	0	0	0	0	0	0	0	0	0	0	0	0	0	0
0	0	0	0	0	0	0	0	0	0	1	0	0	0	0	0	0	0	0	0	0	0	0	0	0	0	0	0	0	0	0	0	0	0	0	0	0	0	0	0	0	0	0	0	0	0	0	0	0	0
0	0	0	0	0	0	0	0	0	0	0	1	0	0	0	0	0	0	0	0	0	0	0	0	0	0	0	0	0	0	0	0	0	0	0	0	0	0	0	0	0	0	0	0	0	0	0	0	0	0
0	0	0	0	0	0	0	0	0	0	0	0	1	0	0	0	0	0	0	0	0	0	0	0	0	0	0	0	0	0	0	0	0	0	0	0	0	0	0	0	0	0	0	0	0	0	0	0	0	0
0	0	0	0	0	0	0	0	0	0	0	0	0	1	0	0	0	0	0	0	0	0	0	0	0	0	0	0	0	0	0	0	0	0	0	0	0	0	0	0	0	0	0	0	0	0	0	0	0	0
0	0	0	0	0	0	0	0	0	0	0	0	0	0	1	0	0	0	0	0	0	0	0	0	0	0	0	0	0	0	0	0	0	0	0	0	0	0	0	0	0	0	0	0	0	0	0	0	0	0
0	0	0	0	0	0	0	0	0	0	0	0	0	0	0	1	0	0	0	0	0	0	0	0	0	0	0	0	0	0	0	0	0	0	0	0	0	0	0	0	0	0	0	0	0	0	0	0	0	0
0	0	0	0	0	0	0	0	0	0	0	0	0	0	0	0	1	0	0	0	0	0	0	0	0	0	0	0	0	0	0	0	0	0	0	0	0	0	0	0	0	0	0	0	0	0	0	0	0	0
0	0	0	0	0	0	0	0	0	0	0	0	0	0	0	0	0	1	0	0	0	0	0	0	0	0	0	0	0	0	0	0	0	0	0	0	0	0	0	0	0	0	0	0	0	0	0	0	0	0
0	0	0	0	0	0	0	0	0	0	0	0	0	0	0	0	0	0	1	0	0	0	0	0	0	0	0	0	0	0	0	0	0	0	0	0	0	0	0	0	0	0	0	0	0	0	0	0	0	0
0	0	0	0	0	0	0	0	0	0	0	0	0	0	0	0	0	0	0	1	0	0	0	0	0	0	0	0	0	0	0	0	0	0	0	0	0	0	0	0	0	0	0	0	0	0	0	0	0	0
0	0	0	0	0	0	0	0	0	0	0	0	0	0	0	0	0	0	0	0	1	0	0	0	0	0	0	0	0	0	0	0	0	0	0	0	0	0	0	0	0	0	0	0	0	0	0	0	0	0
0	0	0	0	0	0	0	0	0	0	0	0	0	0	0	0	0	0	0	0	0	1	0	0	0	0	0	0	0	0	0	0	0	0	0	0	0	0	0	0	0	0	0	0	0	0	0	0	0	0
0	0	0	0	0	0	0	0	0	0	0	0	0	0	0	0	0	0	0	0	0	0	1	0	0	0	0	0	0	0	0	0	0	0	0	0	0	0	0	0	0	0	0	0	0	0	0	0	0	0
0	0	0	0	0	0	0	0	0	0	0	0	0	0	0	0	0	0	0	0	0	0	0	1	0	0	0	0	0	0	0	0	0	0	0	0	0	0	0	0	0	0	0	0	0	0	0	0	0	0
0	0	0	0	0	0	0	0	0	0	0	0	0	0	0	0	0	0	0	0	0	0	0	0	1	0	0	0	0	0	0	0	0	0	0	0	0	0	0	0	0	0	0	0	0	0	0	0	0	0
0	0	0	0	0	0	0	0	0	0	0	0	0	0	0	0	0	0	0	0	0	0	0	0	0	1	0	0	0	0	0	0	0	0	0	0	0	0	0	0	0	0	0	0	0	0	0	0	0	0
0	0	0	0	0	0	0	0	0	0	0	0	0	0	0	0	0	0	0	0	0	0	0	0	0	0	1	0	0	0	0	0	0	0	0	0	0	0	0	0	0	0	0	0	0	0	0	0	0	0
0	0	0	0	0	0	0	0	0	0	0	0	0	0	0	0	0	0	0	0	0	0	0	0	0	0	0	1	0	0	0	0	0	0	0	0	0	0	0	0	0	0	0	0	0	0	0	0	0	0
0	0	0	0	0	0	0	0	0	0	0	0	0	0	0	0	0	0	0	0	0	0	0	0	0	0	0	0	1	0	0	0	0	0	0	0	0	0	0	0	0	0	0	0	0	0	0	0	0	0
0	0	0	0	0	0	0	0	0	0	0	0	0	0	0	0	0	0	0	0	0	0	0	0	0	0	0	0	0	1	0	0	0	0	0	0	0	0	0	0	0	0	0	0	0	0	0	0	0	0
0	0	0	0	0	0	0	0	0	0	0	0	0	0	0	0	0	0	0	0	0	0	0	0	0	0	0	0	0	0	1	0	0	0	0	0	0	0	0	0	0	0	0	0	0	0	0	0	0	0
0	0	0	0	0	0	0	0	0	0	0	0	0	0	0	0	0	0	0	0	0	0	0	0	0	0	0	0	0	0	0	1	0	0	0	0	0	0	0	0	0	0	0	0	0	0	0	0	0	0
0	0	0	0	0	0	0	0	0	0	0	0	0	0	0	0	0	0	0	0	0	0	0	0	0	0	0	0	0	0	0	0	1	0	0	0	0	0	0	0	0	0	0	0	0	0	0	0	0	0
0	0	0	0	0	0	0	0	0	0	0	0	0	0	0	0	0	0	0	0	0	0	0	0	0	0	0	0	0	0	0	0	0	1	0	0	0	0	0	0	0	0	0	0	0	0	0	0	0	0
0	0	0	0	0	0	0	0	0	0	0	0	0	0	0	0	0	0	0	0	0	0	0	0	0	0	0	0	0	0	0	0	0	0	1	0	0	0	0	0	0	0	0	0	0	0	0	0	0	0
0	0	0	0	0	0	0	0	0	0	0	0	0	0	0	0	0	0	0	0	0	0	0	0	0	0	0	0	0	0	0	0	0	0	0	1	0	0	0	0	0	0	0	0	0	0	0	0	0	0
0	0	0	0	0	0	0	0	0	0	0	0	0	0	0	0	0	0	0	0	0	0	0	0	0	0	0	0	0	0	0	0	0	0	0	0	1	0	0	0	0	0	0	0	0	0	0	0	0	0
0	0	0	0	0	0	0	0	0	0	0	0	0	0	0	0	0	0	0	0	0	0	0	0	0	0	0	0	0	0	0	0	0	0	0	0	0	1	0	0	0	0	0	0	0	0	0	0	0	0
0	0	0	0	0	0	0	0	0	0	0	0	0	0	0	0	0	0	0	0	0	0	0	0	0	0	0	0	0	0	0	0	0	0	0	0	0	0	1	0	0	0	0	0	0	0	0	0	0	0
0	0	0	0	0	0	0	0	0	0	0	0	0	0	0	0	0	0	0	0	0	0	0	0	0	0	0	0	0	0	0	0	0	0	0	0	0	0	0	1	0	0	0	0	0	0	0	0	0	0
0	0	0	0	0	0	0	0	0	0	0	0	0	0	0	0	0	0	0	0	0	0	0	0	0	0	0	0	0	0	0	0	0	0	0	0	0	0	0	0	1	0	0	0	0	0	0	0	0	0
0	0	0	0	0	0	0	0	0	0	0	0	0	0	0	0	0	0	0	0	0	0	0	0	0	0	0	0	0	0	0	0	0	0	0	0	0	0	0	0	0	1	0	0	0	0	0	0	0	0
0	0	0	0	0	0	0	0	0	0	0	0	0	0	0	0	0	0	0	0	0	0	0	0	0	0	0	0	0	0	0	0	0	0	0	0	0	0	0	0	0	0	1	0	0	0	0	0	0	0
0	0	0	0	0	0	0	0	0	0	0	0	0	0	0	0	0	0	0	0	0	0	0	0	0	0	0	0	0	0	0	0	0	0	0	0	0	0	0	0	0	0	0	1	0	0	0	0	0	0
0	0	0	0	0	0	0	0	0	0	0	0	0	0	0	0	0	0	0	0	0	0	0	0	0	0	0	0	0	0	0	0	0	0	0	0	0	0	0	0	0	0	0	0	1	0	0	0	0	0
0	0	0	0	0	0	0	0	0	0	0	0	0	0	0	0	0	0	0	0	0	0	0	0	0	0	0	0	0	0	0	0	0	0	0	0	0	0	0	0	0	0	0	0	0	1	0	0	0	0
0	0	0	0	0	0	0	0	0	0	0	0	0	0	0	0	0	0	0	0	0	0	0	0	0	0	0	0	0	0	0	0	0	0	0	0	0	0	0	0	0	0	0	0	0	0	1	0	0	0
0	0	0	0	0	0	0	0	0	0	0	0	0	0	0	0	0	0	0	0	0	0	0	0	0	0	0	0	0	0	0	0	0	0	0	0	0	0	0	0	0	0	0	0	0	0	0	1	0	0
0	0	0	0	0	0	0	0	0	0	0	0	0	0	0	0	0	0	0	0	0	0	0	0	0	0	0	0	0	0	0	0	0	0	0	0	0	0	0	0	0	0	0	0	0	0	0	0	1	0
0	0	0	0	0	0	0	0	0	0	0	0	0	0	0	0	0	0	0	0	0	0	0	0	0	0	0	0	0	0	0	0	0	0	0	0	0	0	0	0	0	0	0	0	0	0	0	0	0	1
];
alfa=[
0	0	0	0	0	0	0	0	0	0	0	0	0	0	0	0	0	0	0	0	0	0	0	0	0	0	0	0	0	0	0	0	0	0	0	0	0	0	0	0	0	0	0	0	0	0	0	0	0	0
0	0	0	0	0	0	0	0	0	0	0	0	0	0	0	0	0	0	0	0	0	0	0	0	0	0	0	0	0	0	0	0	0	0	0	0	0	0	0	0	0	0	0	0	0	0	0	0	0	0
0	0	0	0	0	0	0	0	0	0	0	0	0	0	0	0	0	0	0	0	0	0	0	0	0	0	0	0	0	0	0	0	0	0	0	0	0	0	0	0	0	0	0	0	0	0	0	0	0	0
0	0	0	0	0	0	0	0	0	0	0	0	0	0	0	0	0	0	0	0	0	0	0	0	0	0	0	0	0	0	0	0	0	0	0	0	0	0	0	0	0	0	0	0	0	0	0	0	0	0
0	0	0	0	0	0	1	0	0	1	1	0	0	0	0	0	0	0	0	0	0	0	0	0	0	0	0	0	0	0	0	0	0	0	0	0	0	0	0	0	0	0	0	0	0	0	0	0	0	0
0	0	0	0	0	0	0	0	0	0	0	0	0	0	0	0	0	0	0	0	0	0	0	0	0	0	0	0	0	0	0	0	0	0	0	0	0	0	0	0	0	0	0	0	0	0	0	0	0	0
0	0	0	0	0	0	0	0	0	0	0	0	0	0	0	0	0	0	0	0	0	0	0	0	0	0	0	0	0	0	0	0	0	0	0	0	0	0	0	0	0	0	0	0	0	0	0	0	0	0
0	0	0	0	0	0	0	0	0	0	0	0	0	0	0	0	0	0	0	0	0	0	0	0	0	0	0	0	0	0	0	0	0	0	0	0	0	0	0	0	0	0	0	0	0	0	0	0	0	0
0	0	0	0	0	0	0	0	0	0	0	0	0	0	0	0	0	0	0	0	0	0	0	0	0	0	0	0	0	0	0	0	0	0	0	0	0	0	0	0	0	0	0	0	0	0	0	0	0	0
0	0	0	0	0	0	0	0	0	0	0	0	0	0	0	0	0	0	0	0	0	0	0	0	0	0	0	0	0	0	0	0	0	0	0	0	0	0	0	0	0	0	0	0	0	0	0	0	0	0
0	0	0	0	1	1	0	0	1	0	0	1	0	0	0	0	0	0	0	0	0	0	0	0	0	0	0	0	0	0	0	0	0	0	0	0	0	0	0	0	0	0	0	0	0	0	0	0	0	0
0	0	0	0	0	0	0	0	0	0	0	1	0	0	0	0	0	0	0	0	0	0	0	0	0	0	0	0	0	0	0	0	0	0	0	0	0	0	0	0	0	0	0	0	0	0	0	0	0	0
0	0	1	0	0	0	0	0	1	0	0	1	0	0	0	0	0	0	0	0	0	0	0	0	0	0	0	0	0	0	0	0	0	0	0	0	0	0	0	0	0	0	0	0	0	0	0	0	0	0
0	0	0	0	0	0	0	0	0	0	0	0	0	0	0	0	0	0	0	0	0	0	0	0	0	0	0	0	0	0	0	0	0	0	0	0	0	0	0	0	0	0	0	0	0	0	0	0	0	0
1	0	0	0	0	0	0	0	0	0	0	0	0	0	0	0	0	0	0	0	0	0	0	0	0	0	0	0	0	0	0	0	0	0	0	0	0	0	0	0	0	0	0	0	0	0	0	0	0	0
1	0	0	0	0	0	0	0	0	0	0	0	0	0	0	0	0	0	0	0	0	0	0	0	0	0	0	0	0	0	0	0	0	0	0	0	0	0	0	0	0	0	0	0	0	0	0	0	0	0
0	0	0	0	0	0	0	0	0	0	0	0	0	0	0	0	0	0	0	0	0	0	0	0	0	0	0	0	0	0	0	0	0	0	0	0	0	0	0	0	0	0	0	0	0	0	0	0	0	0
0	0	0	0	0	1	0	0	1	0	0	0	0	0	0	0	0	0	0	0	0	0	0	0	0	0	0	0	0	0	0	0	0	0	0	0	0	0	0	0	0	0	0	0	0	0	0	0	0	0
0	0	0	0	1	1	0	0	1	0	0	1	0	0	0	0	0	0	0	0	0	0	0	0	0	0	0	0	0	0	0	0	0	0	0	0	0	0	0	0	0	0	0	0	0	0	0	0	0	0
0	0	0	0	1	0	0	0	0	0	0	0	0	0	0	0	0	0	0	0	0	0	0	0	0	0	0	0	0	0	0	0	0	0	0	0	0	0	0	0	0	0	0	0	0	0	0	0	0	0
0	0	0	0	0	0	0	0	0	0	0	0	1	0	0	0	0	0	0	0	0	0	0	0	0	0	0	0	0	0	0	0	0	0	0	0	0	0	0	0	0	0	0	0	0	0	0	0	0	0
0	0	0	0	0	0	0	0	0	0	0	0	0	0	0	0	0	0	0	0	0	0	0	0	0	0	0	0	0	0	0	0	0	0	0	0	0	0	0	0	0	0	0	0	0	0	0	0	0	0
1	1	1	0	1	1	0	0	1	0	0	1	0	0	0	0	0	0	0	0	0	0	0	0	0	0	0	0	0	0	0	0	0	0	0	0	0	0	0	0	0	0	0	0	0	0	0	0	0	0
0	0	0	0	0	1	0	0	1	0	0	0	0	0	0	0	0	0	0	0	0	0	0	0	0	0	0	0	0	0	0	0	0	0	0	0	0	0	0	0	0	0	0	0	0	0	0	0	0	0
0	0	0	0	0	0	0	0	0	0	0	0	0	0	0	0	0	0	0	0	0	0	0	0	0	0	0	0	0	0	0	0	0	0	0	0	0	0	0	0	0	0	0	0	0	0	0	0	0	0
0	0	0	0	0	1	0	0	0	0	0	0	0	0	0	0	0	0	0	0	0	0	0	0	0	0	0	0	0	0	0	0	0	0	0	0	0	0	0	0	0	0	0	0	0	0	0	0	0	0
0	0	0	0	0	1	0	0	0	0	0	0	0	0	0	0	0	0	0	0	0	0	0	0	0	0	0	0	0	0	0	0	0	0	0	0	0	0	0	0	0	0	0	0	0	0	0	0	0	0
0	0	0	0	0	0	0	0	0	0	0	0	0	0	0	0	0	0	0	0	0	0	0	0	0	0	0	0	0	0	0	0	0	0	0	0	0	0	0	0	0	0	0	0	0	0	0	0	0	0
1	1	0	1	0	1	0	0	1	0	0	0	0	0	0	0	0	0	0	0	0	0	0	0	0	0	0	0	0	0	0	0	0	0	0	0	0	0	0	0	0	0	0	0	0	0	0	0	0	0
0	1	0	0	0	0	0	0	0	0	0	0	0	0	0	0	0	0	0	0	0	0	0	0	0	0	0	0	0	0	0	0	0	0	0	0	0	0	0	0	0	0	0	0	0	0	0	0	0	0
0	1	0	0	0	1	0	0	1	0	0	0	0	0	0	0	0	0	0	0	0	0	0	0	0	0	0	0	0	0	0	0	0	0	0	0	0	0	0	0	0	0	0	0	0	0	0	0	0	0
0	0	0	0	0	1	0	0	1	0	0	0	0	0	0	0	0	0	0	0	0	0	0	0	0	0	0	0	0	0	0	0	0	0	0	0	0	0	0	0	0	0	0	0	0	0	0	0	0	0
0	1	0	1	0	1	1	0	1	1	0	0	1	0	0	0	0	0	0	0	0	0	0	0	0	0	0	0	0	0	0	0	0	0	0	0	0	0	0	0	0	0	0	0	0	0	0	0	0	0
0	0	0	0	0	0	0	0	0	0	0	0	0	0	0	0	0	0	0	0	0	0	0	0	0	0	0	0	0	0	0	0	0	0	0	0	0	0	0	0	0	0	0	0	0	0	0	0	0	0
0	0	0	0	0	1	0	0	1	0	0	1	0	0	0	0	0	0	0	0	0	0	0	0	0	0	0	0	0	0	0	0	0	0	0	0	0	0	0	0	0	0	0	0	0	0	0	0	0	0
0	0	0	0	0	0	0	0	1	0	0	0	0	0	0	0	0	0	0	0	0	0	0	0	0	0	0	0	0	0	0	0	0	0	0	0	0	0	0	0	0	0	0	0	0	0	0	0	0	0
0	1	0	1	0	1	1	0	1	1	1	1	1	0	0	0	0	0	0	0	0	0	0	0	0	0	0	0	0	0	0	0	0	0	0	0	0	0	0	0	0	0	0	0	0	0	0	0	0	0
0	0	0	0	0	0	0	0	0	0	0	0	0	0	0	0	0	0	0	0	0	0	0	0	0	0	0	0	0	0	0	0	0	0	0	0	0	0	0	0	0	0	0	0	0	0	0	0	0	0
0	0	0	0	0	0	0	0	0	0	0	0	0	0	0	0	0	0	0	0	0	0	0	0	0	0	0	0	0	0	0	0	0	0	0	0	0	0	0	0	0	0	0	0	0	0	0	0	0	0
0	0	0	0	0	0	0	0	0	0	0	0	0	0	0	0	0	0	0	0	0	0	0	0	0	0	0	0	0	0	0	0	0	0	0	0	0	0	0	0	0	0	0	0	0	0	0	0	0	0
]; 
t=[
15.94	14.90	10.00	12.26	34.94	31.53	39.78	33.61	36.44	27.99	34.03	34.42	37.85	31.59	31.39	27.95	31.20	27.89	24.61	36.94	28.71	36.19	24.96	37.94	34.07	20.99	49.13	31.30	20.31	21.14	35.16	24.86	33.18	12.47	22.12	46.70	25.60	39.43	19.73	63.30	86.08	90.49	78.70	74.68	67.73	74.19	87.98	61.91	80.42	120.88	111.97	43.81	48.10	50.13	44.22	43.69	70.22	77.07	62.52	27.11	30.91	42.36	36.36	39.31	52.88	41.61	31.59	35.15	19.12
15.94	4.22	5.96	8.60	19.83	17.27	23.86	18.31	21.06	14.11	18.54	18.89	22.15	15.65	15.67	12.31	16.03	12.81	9.74	21.03	12.78	22.46	9.11	22.96	18.36	5.06	33.59	15.82	5.90	8.82	20.40	11.47	32.44	16.19	36.98	40.31	16.53	41.37	24.20	48.03	70.73	79.74	65.61	63.62	55.54	62.03	75.44	49.20	66.29	108.37	99.56	28.82	32.69	35.60	29.80	31.81	54.29	61.26	47.23	31.24	21.41	57.29	24.22	26.56	51.01	38.73	26.22	50.44	33.39
14.90	4.22	5.60	4.80	20.05	16.70	25.92	18.76	21.60	13.21	19.25	19.66	23.17	17.77	16.81	13.36	16.33	13.03	9.74	23.22	15.02	21.54	10.79	23.04	19.43	7.77	36.30	16.54	5.47	6.62	20.27	10.14	28.30	12.40	34.55	36.95	13.35	37.16	20.13	50.90	73.47	77.73	64.52	61.67	54.01	60.50	74.11	47.88	65.78	107.07	98.21	28.92	33.23	35.31	29.41	30.00	56.12	63.47	47.63	27.07	18.53	54.73	22.43	25.12	47.06	34.82	22.49	48.12	33.49
10.00	5.96	5.60	6.13	25.21	22.13	29.82	23.79	26.61	18.70	24.15	24.53	27.90	21.61	21.43	18.01	21.42	18.13	14.88	26.99	18.73	27.08	14.96	28.27	24.11	11.01	39.45	21.41	10.61	12.22	25.58	15.69	31.37	12.37	31.18	41.70	18.51	39.50	20.89	53.81	76.55	83.23	70.10	67.20	59.60	66.09	79.70	53.47	71.27	112.66	103.80	34.16	38.27	40.71	34.83	35.58	60.24	67.21	52.76	28.35	23.82	51.51	28.02	30.71	50.71	38.65	26.86	44.57	28.03
12.26	8.60	4.80	6.13	23.63	19.79	30.42	22.52	25.35	16.22	23.16	23.60	27.20	22.36	21.02	17.62	20.08	16.87	13.66	27.79	19.67	24.16	15.37	26.46	23.54	12.57	41.00	20.52	9.69	9.30	23.59	13.07	25.26	7.63	30.19	35.93	13.49	33.57	15.64	55.62	78.14	78.51	66.44	62.61	55.50	61.96	75.73	49.64	68.29	108.65	99.74	32.23	36.82	38.23	32.32	31.44	60.41	67.94	51.01	22.84	18.85	50.22	24.10	27.08	44.58	32.54	20.94	43.78	31.37
34.94	19.83	20.05	25.21	23.63	4.58	11.25	1.76	2.07	7.73	2.49	2.64	4.91	9.15	5.47	7.84	3.80	7.08	10.34	10.47	10.34	6.00	11.27	3.15	4.07	15.48	22.52	4.34	14.64	14.38	1.73	10.70	33.87	29.48	53.56	31.98	15.96	43.74	34.05	36.50	57.60	62.69	46.58	46.65	37.57	43.91	56.75	30.88	46.60	89.47	80.78	8.99	13.21	15.88	10.31	16.39	37.67	45.93	27.58	38.41	15.61	73.19	10.97	10.84	47.03	35.68	24.09	67.11	53.16
31.53	17.27	16.70	22.13	19.79	4.58	15.28	4.59	6.64	3.57	5.78	6.20	9.38	10.96	6.84	7.08	3.56	4.96	7.55	13.96	10.95	5.28	10.00	6.81	7.24	13.69	26.74	5.14	11.58	10.50	3.90	6.72	29.56	25.20	49.39	29.19	11.39	39.45	29.50	40.92	62.16	63.22	48.35	47.09	38.54	44.99	58.25	32.06	49.15	91.15	82.36	12.45	17.22	18.62	12.71	15.61	42.19	50.49	31.22	33.85	11.53	68.86	8.71	9.95	43.59	31.93	19.93	62.91	50.15
39.78	23.86	25.92	29.82	30.42	11.25	15.28	10.70	9.47	17.30	9.50	9.08	6.65	8.22	9.88	12.96	12.34	14.53	17.17	2.89	11.08	16.89	15.12	11.72	8.15	18.81	11.51	11.06	20.75	22.26	12.85	19.38	44.83	37.42	60.47	42.91	26.31	54.73	43.34	25.98	47.97	68.79	50.32	53.26	43.44	49.30	60.86	36.65	48.26	92.65	84.30	13.52	13.52	19.93	16.75	26.12	30.44	37.55	26.63	48.52	26.75	80.63	22.00	21.16	58.22	46.92	35.20	74.03	56.17
33.61	18.31	18.76	23.79	22.52	1.76	4.59	10.70	2.84	7.11	1.21	1.61	5.02	7.53	3.72	6.17	2.44	5.72	9.02	9.51	8.59	7.39	9.60	4.83	2.80	13.85	22.16	2.61	13.30	13.39	3.23	9.84	34.14	28.64	52.59	33.10	15.83	44.04	33.58	36.38	57.79	64.44	48.31	48.39	39.33	45.67	58.50	32.64	48.25	91.20	82.52	10.56	14.49	17.55	12.05	17.96	38.32	46.39	28.97	38.24	16.07	72.34	12.15	12.33	47.90	36.38	24.51	66.17	51.68
36.44	21.06	21.60	26.61	25.35	2.07	6.64	9.47	2.84	9.68	2.59	2.36	2.92	8.80	5.82	8.81	5.28	8.56	11.85	9.06	10.53	7.44	12.20	2.87	3.56	16.49	20.58	5.25	16.14	16.18	3.43	12.57	35.89	31.37	55.38	33.51	18.02	45.74	36.08	34.47	55.53	62.74	46.09	46.79	37.50	43.75	56.36	30.74	45.72	88.96	80.32	7.99	11.67	15.13	9.94	17.31	35.68	43.88	26.17	40.48	17.59	75.08	12.54	11.97	48.75	37.52	26.08	68.95	54.45
27.99	14.11	13.21	18.70	16.22	7.73	3.57	17.30	7.11	9.68	8.11	8.58	12.12	11.38	7.71	6.21	4.99	3.64	4.70	15.48	10.45	8.40	8.12	10.30	9.19	11.10	28.80	6.26	8.27	6.93	7.41	3.15	27.85	21.77	45.90	29.60	9.05	37.74	26.48	43.24	64.85	65.83	51.54	49.70	41.44	47.92	61.32	35.09	52.58	94.26	85.45	16.01	20.72	22.14	16.23	17.93	45.36	53.50	34.79	31.26	10.78	65.46	10.48	12.50	43.16	31.17	18.67	59.44	46.69
34.03	18.54	19.25	24.15	23.16	2.49	5.78	9.50	1.21	2.59	8.11	0.47	4.10	6.67	3.26	6.25	3.21	6.29	9.54	8.31	8.06	8.42	9.62	5.15	1.64	13.91	20.98	2.74	13.78	14.14	4.17	10.70	35.33	29.45	53.29	34.26	16.95	45.23	34.57	35.24	56.74	65.02	48.61	49.02	39.84	46.14	58.85	33.11	48.31	91.49	82.83	10.58	14.15	17.70	12.38	18.88	37.48	45.46	28.69	39.33	17.28	73.12	13.27	13.31	49.10	37.59	25.71	66.88	51.92
34.42	18.89	19.66	24.53	23.60	2.64	6.20	9.08	1.61	2.36	8.58	0.47	3.64	6.64	3.47	6.58	3.67	6.73	9.97	7.97	8.19	8.63	9.93	5.06	1.44	14.23	20.55	3.13	14.19	14.59	4.36	11.16	35.76	29.91	53.74	34.54	17.40	45.65	35.03	34.79	56.28	64.97	48.44	48.98	39.77	46.04	58.70	33.02	48.06	91.31	82.67	10.34	13.80	17.49	12.25	19.01	37.02	44.99	28.34	39.78	17.68	73.57	13.54	13.47	49.44	37.96	26.12	67.32	52.27
37.85	22.15	23.17	27.90	27.20	4.91	9.38	6.65	5.02	2.92	12.12	4.10	3.64	8.08	6.48	9.89	7.30	10.34	13.54	6.72	10.43	10.25	13.06	5.11	3.79	17.31	17.66	6.67	17.71	18.23	6.35	14.79	38.78	33.55	57.35	36.26	20.75	48.64	38.60	31.59	52.81	63.96	46.61	48.15	38.62	44.75	57.01	31.82	45.66	89.37	80.82	8.42	10.80	15.56	11.13	19.65	33.38	41.39	25.30	43.20	20.50	77.21	15.37	14.54	51.61	40.43	28.99	70.94	55.45
31.59	15.65	17.77	21.61	22.36	9.15	10.96	8.22	7.53	8.80	11.38	6.67	6.64	8.08	4.13	5.59	7.40	7.88	9.68	5.45	2.88	14.90	6.99	11.65	5.26	10.60	18.75	5.83	12.76	14.76	10.76	12.53	39.13	29.54	52.30	40.15	20.22	48.98	35.95	33.42	55.80	71.55	54.63	55.59	46.30	52.52	64.99	39.53	53.73	97.43	88.86	16.38	18.74	23.57	18.71	25.50	38.63	45.73	33.05	41.64	22.02	72.49	19.43	19.86	54.37	42.50	30.06	65.85	48.30
31.39	15.67	16.81	21.43	21.02	5.47	6.84	9.88	3.72	5.82	7.71	3.26	3.47	6.48	4.13	3.45	3.28	4.65	7.44	7.81	4.87	10.89	6.59	8.38	2.70	10.87	21.26	1.70	11.39	12.45	6.91	9.52	35.56	27.73	51.21	36.02	16.75	45.45	33.46	35.83	57.81	68.15	51.86	52.11	43.03	49.34	62.10	36.32	51.53	94.74	86.09	13.81	17.12	20.95	15.63	21.55	39.39	47.03	31.67	38.71	18.08	71.21	15.31	15.87	50.35	38.57	26.27	64.80	48.99
27.95	12.31	13.36	18.01	17.62	7.84	7.08	12.96	6.17	8.81	6.21	6.25	6.58	9.89	5.59	3.45	4.25	2.57	4.22	10.57	4.24	12.09	3.43	10.98	6.11	7.69	24.09	3.57	7.96	9.34	8.83	6.95	33.62	24.46	47.80	35.70	14.72	43.46	30.51	38.74	60.92	70.01	54.37	53.90	45.09	51.49	64.48	38.48	54.41	97.26	88.55	16.71	20.38	23.71	18.13	22.66	42.80	50.36	34.93	36.08	16.98	67.84	15.74	16.96	49.36	37.34	24.74	61.39	45.69
31.20	16.03	16.33	21.42	20.08	3.80	3.56	12.34	2.44	5.28	4.99	3.21	3.67	7.30	7.40	3.28	4.25	3.30	6.59	10.68	7.60	8.00	7.61	6.93	4.20	11.75	23.85	1.58	10.89	10.97	4.59	7.49	32.61	26.26	50.16	32.75	13.98	42.51	31.38	38.25	59.89	65.79	50.15	49.70	40.85	47.24	60.25	34.23	50.35	93.04	84.32	12.79	16.90	19.64	13.96	18.66	40.68	48.67	31.34	36.25	14.88	69.94	12.13	12.95	47.10	35.36	23.17	63.74	49.36
27.89	12.81	13.03	18.13	16.87	7.08	4.96	14.53	5.72	8.56	3.64	6.29	6.73	10.34	7.88	4.65	2.57	3.30	3.29	12.41	6.81	10.21	5.04	10.17	6.81	8.81	25.90	3.71	7.58	7.93	7.60	4.87	31.25	23.27	47.01	33.16	12.35	41.11	28.82	40.48	62.43	68.18	53.05	52.05	43.44	49.88	63.04	36.91	53.49	95.90	87.15	16.05	20.20	22.78	17.01	20.55	43.69	51.51	34.64	34.09	14.42	66.88	13.42	14.91	46.79	34.79	22.24	60.60	46.09
24.61	9.74	9.74	14.88	13.66	10.34	7.55	17.17	9.02	11.85	4.70	9.54	9.97	13.54	9.68	7.44	4.22	6.59	3.29	14.78	7.69	12.78	4.02	13.40	9.89	6.40	28.30	6.87	4.30	5.12	10.72	3.44	30.03	20.30	43.84	33.71	11.29	39.78	26.31	42.96	65.13	70.50	55.90	54.36	46.01	52.48	65.79	39.58	56.57	98.69	89.90	19.28	23.49	25.91	20.08	22.62	46.79	54.47	37.92	31.98	14.52	63.79	15.18	17.15	46.55	34.37	21.60	57.43	42.88
36.94	21.03	23.22	26.99	27.79	10.47	13.96	2.89	9.51	9.06	15.48	8.31	7.97	6.72	5.45	7.81	10.57	10.68	12.41	14.78	8.28	16.42	12.43	11.72	6.73	15.99	13.53	9.24	18.15	19.91	12.19	17.26	43.28	34.90	57.75	42.45	24.54	53.18	41.08	28.18	50.42	70.29	52.29	54.60	44.93	50.92	62.78	38.12	50.57	94.80	86.38	14.70	15.57	21.52	17.69	26.30	33.29	40.29	29.18	46.49	25.48	77.95	21.44	21.03	57.41	45.87	33.83	71.29	53.28
28.71	12.78	15.02	18.73	19.67	10.34	10.95	11.08	8.59	10.53	10.45	8.06	8.19	10.43	2.88	4.87	4.24	7.60	6.81	7.69	8.28	15.57	4.36	13.21	7.04	7.72	21.33	6.25	10.20	12.58	11.75	10.90	37.64	26.97	49.50	39.89	18.78	47.43	33.65	35.97	58.46	73.03	56.61	56.99	47.89	54.20	66.89	41.17	56.03	99.48	90.85	18.42	21.22	25.61	20.44	26.24	41.51	48.56	35.65	39.59	21.22	69.72	19.65	20.54	53.59	41.55	28.91	63.03	45.48
36.19	22.46	21.54	27.08	24.16	6.00	5.28	16.89	7.39	7.44	8.40	8.42	8.63	10.25	14.90	10.89	12.09	8.00	10.21	12.78	16.42	15.57	15.21	5.44	10.05	18.96	27.74	9.34	16.66	15.06	4.27	11.40	29.50	28.75	53.00	26.07	13.41	39.21	31.89	41.15	61.41	57.98	43.16	41.85	33.26	39.72	53.00	26.80	44.25	85.92	77.12	9.16	14.39	14.13	8.27	10.68	40.32	49.05	27.39	35.24	11.24	72.03	5.12	4.98	41.37	30.35	19.54	66.39	55.02
24.96	9.11	10.79	14.96	15.37	11.27	10.00	15.12	9.60	12.20	8.12	9.62	9.93	13.06	6.99	6.59	3.43	7.61	5.04	4.02	12.43	4.36	15.21	14.41	9.28	4.29	25.67	7.00	5.84	8.40	12.20	7.45	33.92	22.62	45.34	37.59	15.28	43.61	29.33	40.32	62.78	73.19	57.77	57.06	48.37	54.79	67.85	41.79	57.84	100.65	91.93	20.14	23.70	27.14	21.55	25.59	45.41	52.68	38.25	35.38	18.47	65.52	18.40	19.95	50.56	38.38	25.61	58.91	42.40
37.94	22.96	23.04	28.27	26.46	3.15	6.81	11.72	4.83	2.87	10.30	5.15	5.06	5.11	11.65	8.38	10.98	6.93	10.17	13.40	11.72	13.21	5.44	14.41	6.39	18.63	22.33	7.44	17.68	17.16	2.91	13.41	34.77	32.01	56.19	31.23	17.70	44.54	36.09	35.73	56.22	59.92	43.50	43.95	34.71	40.99	53.72	27.97	43.45	86.39	77.72	5.89	10.42	12.74	7.25	14.58	35.63	44.14	24.60	40.02	16.42	75.66	10.50	9.44	46.74	35.79	24.85	69.72	56.26
34.07	18.36	19.43	24.11	23.54	4.07	7.24	8.15	2.80	3.56	9.19	1.64	1.44	3.79	5.26	2.70	6.11	4.20	6.81	9.89	6.73	7.04	10.05	9.28	6.39	13.55	19.66	3.11	13.98	14.74	5.78	11.51	36.72	30.07	53.73	35.89	18.17	46.62	35.49	34.05	55.75	66.30	49.59	50.33	41.06	47.32	59.89	34.31	49.03	92.44	83.83	11.39	14.46	18.57	13.50	20.45	36.91	44.70	29.00	40.45	18.77	73.66	14.91	14.91	50.69	39.14	27.16	67.32	51.68
20.99	5.06	7.77	11.01	12.57	15.48	13.69	18.81	13.85	16.49	11.10	13.91	14.23	17.31	10.60	10.87	7.69	11.75	8.81	6.40	15.99	7.72	18.96	4.29	18.63	13.55	28.70	11.27	4.75	8.34	16.30	9.29	33.96	20.14	41.90	39.59	16.24	43.36	27.57	43.23	65.88	76.85	61.85	60.71	52.23	58.67	71.86	45.72	62.08	104.71	95.96	24.40	27.99	31.37	25.70	29.01	49.23	56.24	42.54	34.16	20.33	62.18	21.58	23.49	51.60	39.31	26.53	55.40	38.14
49.13	33.59	36.30	39.45	41.00	22.52	26.74	11.51	22.16	20.58	28.80	20.98	20.55	17.66	18.75	21.26	24.09	23.85	25.90	28.30	13.53	21.33	27.74	25.67	22.33	19.66	28.70	22.55	31.49	33.43	24.01	30.77	56.30	48.28	70.57	53.33	37.82	66.20	54.61	14.67	37.18	73.58	53.36	58.97	48.85	53.98	63.85	42.37	49.34	94.01	86.13	21.93	19.18	26.31	25.34	35.73	23.04	28.28	27.24	59.97	38.12	90.87	32.83	31.45	69.05	58.06	46.60	84.02	63.86
31.30	15.82	16.54	21.41	20.52	4.34	5.14	11.06	2.61	5.25	6.26	2.74	3.13	6.67	5.83	1.70	3.57	1.58	3.71	6.87	9.24	6.25	9.34	7.00	7.44	3.11	11.27	22.55	11.06	11.64	5.55	8.41	34.04	26.97	50.69	34.32	15.31	43.94	32.40	37.04	58.83	66.88	50.91	50.82	41.84	48.20	61.08	35.17	50.85	93.80	85.12	13.14	16.88	20.16	14.65	20.01	39.98	47.81	31.41	37.46	16.43	70.58	13.65	14.32	48.67	36.91	24.67	64.28	49.21
20.31	5.90	5.47	10.61	9.69	14.64	11.58	20.75	13.30	16.14	8.27	13.78	14.19	17.71	12.76	11.39	7.96	10.89	7.58	4.30	18.15	10.20	16.66	5.84	17.68	13.98	4.75	31.49	11.06	3.62	14.96	5.57	29.23	16.79	39.84	35.18	11.60	38.69	23.57	46.15	68.56	73.85	59.81	57.73	49.66	56.14	69.59	43.34	60.72	102.53	93.71	23.56	27.79	30.11	24.24	25.91	50.77	58.26	42.22	29.84	16.01	59.91	18.33	20.67	46.88	34.59	21.82	53.43	38.64
21.14	8.82	6.62	12.22	9.30	14.38	10.50	22.26	13.39	16.18	6.93	14.14	14.59	18.23	14.76	12.45	9.34	10.97	7.93	5.12	19.91	12.58	15.06	8.40	17.16	14.74	8.34	33.43	11.64	3.62	14.29	3.77	25.78	15.33	39.20	31.68	8.00	35.35	21.19	48.08	70.23	71.22	57.91	55.14	47.40	53.89	67.48	41.26	59.31	100.45	91.58	22.93	27.55	29.02	23.10	23.41	51.60	59.44	41.71	27.01	12.61	58.98	15.83	18.50	43.27	30.98	18.21	52.78	39.99
35.16	20.40	20.27	25.58	23.59	1.73	3.90	12.85	3.23	3.43	7.41	4.17	4.36	6.35	10.76	6.91	8.83	4.59	7.60	10.72	12.19	11.75	4.27	12.20	2.91	5.78	16.30	24.01	5.55	14.96	14.29	10.52	32.53	29.11	53.29	30.27	14.99	42.37	33.29	37.83	58.69	61.33	45.57	45.26	36.31	42.68	55.66	29.66	45.89	88.45	79.73	8.66	13.33	15.20	9.42	14.74	38.39	46.80	27.43	37.39	14.20	72.76	9.26	9.14	45.38	34.10	22.69	66.81	53.60
24.86	11.47	10.14	15.69	13.07	10.70	6.72	19.38	9.84	12.57	3.15	10.70	11.16	14.79	12.53	9.52	6.95	7.49	4.87	3.44	17.26	10.90	11.40	7.45	13.41	11.51	9.29	30.77	8.41	5.57	3.77	10.52	26.75	18.81	42.86	30.41	7.91	36.55	23.99	45.35	67.24	68.28	54.44	52.16	44.14	50.63	64.13	37.88	55.64	97.08	88.24	19.16	23.81	25.27	19.35	20.34	48.16	56.15	37.94	29.23	11.16	62.52	12.75	15.15	43.11	30.93	18.18	56.41	43.62
33.18	32.44	28.30	31.37	25.26	33.87	29.56	44.83	34.14	35.89	27.85	35.33	35.76	38.78	39.13	35.56	33.62	32.61	31.25	30.03	43.28	37.64	29.50	33.92	34.77	36.72	33.96	56.30	34.04	29.23	25.78	32.53	26.75	20.79	36.20	17.56	18.91	9.91	14.37	70.35	90.90	63.80	58.47	49.70	46.25	51.85	65.41	42.79	63.56	96.70	87.83	38.14	43.32	40.27	35.91	27.58	69.39	78.35	53.72	10.22	18.35	50.39	25.10	27.85	19.72	8.99	9.96	47.04	49.71
12.47	16.19	12.40	12.37	7.63	29.48	25.20	37.42	28.64	31.37	21.77	29.45	29.91	33.55	29.54	27.73	24.46	26.26	23.27	20.30	34.90	26.97	28.75	22.62	32.01	30.07	20.14	48.28	26.97	16.79	15.33	29.11	18.81	20.79	24.26	34.56	15.96	27.78	8.55	62.94	85.32	79.31	69.14	63.79	57.64	63.98	77.88	52.31	71.89	110.55	101.61	37.50	42.42	42.82	37.02	34.07	66.93	74.75	56.12	16.09	20.73	43.71	27.42	30.65	40.51	29.14	19.59	37.72	30.38
22.12	36.98	34.55	31.18	30.19	53.56	49.39	60.47	52.59	55.38	45.90	53.29	53.74	57.35	52.30	51.21	47.80	50.16	47.01	43.84	57.75	49.50	53.00	45.34	56.19	53.73	41.90	70.57	50.69	39.84	39.20	53.29	42.86	36.20	24.26	53.51	39.97	36.84	23.38	84.98	107.71	99.79	92.09	85.12	80.19	86.30	100.16	75.43	95.54	132.25	123.32	61.75	66.61	67.03	61.26	57.53	90.60	98.02	80.37	26.16	44.25	20.34	51.38	54.65	52.84	44.98	40.56	13.59	21.79
46.70	40.31	36.95	41.70	35.93	31.98	29.19	42.91	33.10	33.51	29.60	34.26	34.54	36.26	40.15	36.02	35.70	32.75	33.16	33.71	42.45	39.89	26.07	37.59	31.23	35.89	39.59	53.33	34.32	35.18	31.68	30.27	30.41	17.56	34.56	53.51	23.77	22.38	30.64	65.65	83.62	46.29	41.86	32.21	29.69	34.82	48.11	27.49	47.91	79.14	70.28	31.86	36.18	30.78	28.67	18.08	60.71	70.05	42.53	27.77	19.26	67.82	21.01	21.89	16.37	10.22	15.13	64.60	64.89
25.60	16.53	13.35	18.51	13.49	15.96	11.39	26.31	15.83	18.02	9.05	16.95	17.40	20.75	20.22	16.75	14.72	13.98	12.35	11.29	24.54	18.78	13.41	15.28	17.70	18.17	16.24	37.82	15.31	11.60	8.00	14.99	7.91	18.91	15.96	39.97	23.77	28.76	18.50	52.19	73.55	65.02	53.43	49.12	42.20	48.64	62.47	36.58	55.93	95.33	86.40	22.53	27.70	27.14	21.51	18.29	53.33	61.79	40.68	22.46	5.36	58.69	11.46	14.71	35.42	23.17	10.37	53.21	44.70
39.43	41.37	37.16	39.50	33.57	43.74	39.45	54.73	44.04	45.74	37.74	45.23	45.65	48.64	48.98	45.45	43.46	42.51	41.11	39.78	53.18	47.43	39.21	43.61	44.54	46.62	43.36	66.20	43.94	38.69	35.35	42.37	36.55	9.91	27.78	36.84	22.38	28.76	19.70	80.20	100.54	66.53	64.23	53.87	52.07	57.08	70.07	49.59	70.21	100.02	91.31	47.65	52.77	49.22	45.24	36.20	78.75	87.81	62.38	12.48	28.17	47.28	34.63	37.20	16.06	12.19	19.70	45.40	53.78
19.73	24.20	20.13	20.89	15.64	34.05	29.50	43.34	33.58	36.08	26.48	34.57	35.03	38.60	35.95	33.46	30.51	31.38	28.82	26.31	41.08	33.65	31.89	29.33	36.09	35.49	27.57	54.61	32.40	23.57	21.19	33.29	23.99	14.37	8.55	23.38	30.64	18.50	19.70	69.25	91.23	76.70	68.80	61.80	56.84	62.92	76.78	52.23	72.59	108.92	99.99	41.03	46.20	45.31	39.86	34.66	71.68	79.96	58.97	7.59	21.75	40.61	29.24	32.52	33.64	23.32	17.18	35.77	35.35
63.30	48.03	50.90	53.81	55.62	36.50	40.92	25.98	36.38	34.47	43.24	35.24	34.79	31.59	33.42	35.83	38.74	38.25	40.48	42.96	28.18	35.97	41.15	40.32	35.73	34.05	43.23	14.67	37.04	46.15	48.08	37.83	45.35	70.35	62.94	84.98	65.65	52.19	80.20	69.25	22.79	78.49	57.01	65.50	55.53	59.53	66.90	49.83	50.88	94.07	86.99	33.81	29.62	36.02	36.99	47.60	16.58	16.87	31.12	74.49	52.03	105.31	46.06	44.17	81.79	71.39	60.51	98.35	76.96
86.08	70.73	73.47	76.55	78.14	57.60	62.16	47.97	57.79	55.53	64.85	56.74	56.28	52.81	55.80	57.81	60.92	59.89	62.43	65.13	50.42	58.46	61.41	62.78	56.22	55.75	65.88	37.18	58.83	68.56	70.23	58.69	67.24	90.90	85.32	107.71	83.62	73.55	100.54	91.23	22.79	85.52	63.99	75.67	66.71	68.86	72.08	62.55	55.70	92.97	87.47	52.94	47.96	52.85	55.61	65.75	23.33	14.13	42.91	96.00	72.62	128.03	65.92	63.49	99.99	90.71	80.94	121.11	99.50
90.49	79.74	77.73	83.23	78.51	62.69	63.22	68.79	64.44	62.74	65.83	65.02	64.97	63.96	71.55	68.15	70.01	65.79	68.18	70.50	70.29	73.03	57.98	73.19	59.92	66.30	76.85	73.58	66.88	73.85	71.22	61.33	68.28	63.80	79.31	99.79	46.29	65.02	66.53	76.70	78.49	85.52	21.77	16.14	25.37	19.63	14.17	32.18	29.87	33.62	25.20	55.62	55.56	48.85	52.89	47.94	64.58	72.13	47.51	74.01	59.67	113.57	55.53	53.36	52.59	55.53	59.98	110.77	109.46
78.70	65.61	64.52	70.10	66.44	46.58	48.35	50.32	48.31	46.09	51.54	48.61	48.44	46.61	54.63	51.86	54.37	50.15	53.05	55.90	52.29	56.61	43.16	57.77	43.50	49.59	61.85	53.36	50.91	59.81	57.91	45.57	54.44	58.47	69.14	92.09	41.86	53.43	64.23	68.80	57.01	63.99	21.77	14.20	12.23	7.83	10.57	16.85	9.22	42.89	34.24	38.25	36.81	31.06	36.27	35.14	42.81	50.43	26.43	68.25	48.42	108.60	42.34	39.44	54.12	52.08	51.69	104.47	97.78
74.68	63.62	61.67	67.20	62.61	46.65	47.09	53.26	48.39	46.79	49.70	49.02	48.98	48.15	55.59	52.11	53.90	49.70	52.05	54.36	54.60	56.99	41.85	57.06	43.95	50.33	60.71	58.97	50.82	57.73	55.14	45.26	52.16	49.70	63.79	85.12	32.21	49.12	53.87	61.80	65.50	75.67	16.14	14.20	10.14	7.02	16.33	16.69	23.25	47.13	38.22	39.90	40.34	33.40	37.03	31.81	53.25	61.71	34.49	59.87	43.78	100.03	39.41	37.22	41.89	42.12	44.78	96.67	93.72
67.73	55.54	54.01	59.60	55.50	37.57	38.54	43.44	39.33	37.50	41.44	39.84	39.77	38.62	46.30	43.03	45.09	40.85	43.44	46.01	44.93	47.89	33.26	48.37	34.71	41.06	52.23	48.85	41.84	49.66	47.40	36.31	44.14	46.25	57.64	80.19	29.69	42.20	52.07	56.84	55.53	66.71	25.37	12.23	10.14	6.49	20.27	6.81	18.78	53.15	44.25	30.26	30.34	23.52	27.60	24.07	43.87	52.63	24.70	56.06	37.02	96.44	31.58	28.99	42.65	39.90	39.67	92.41	86.86
74.19	62.03	60.50	66.09	61.96	43.91	44.99	49.30	45.67	43.75	47.92	46.14	46.04	44.75	52.52	49.34	51.49	47.24	49.88	52.48	50.92	54.20	39.72	54.79	40.99	47.32	58.67	53.98	48.20	56.14	53.89	42.68	50.63	51.85	63.98	86.30	34.82	48.64	57.08	62.92	59.53	68.86	19.63	7.83	7.02	6.49	13.91	13.03	16.46	46.69	37.78	36.34	35.98	29.40	33.82	30.55	46.67	54.96	28.42	61.81	43.43	102.19	38.07	35.48	46.45	45.01	45.74	98.36	93.31
87.98	75.44	74.11	79.70	75.73	56.75	58.25	60.86	58.50	56.36	61.32	58.85	58.70	57.01	64.99	62.10	64.48	60.25	63.04	65.79	62.78	66.89	53.00	67.85	53.72	59.89	71.86	63.85	61.08	69.59	67.48	55.66	64.13	65.41	77.88	100.16	48.11	62.47	70.07	76.78	66.90	72.08	14.17	10.57	16.33	20.27	13.91	26.25	16.51	32.96	24.12	48.61	47.34	41.45	46.47	44.29	52.06	59.02	36.78	75.46	57.29	115.80	51.73	49.00	58.19	58.18	59.61	112.12	107.10
61.91	49.20	47.88	53.47	49.64	30.88	32.06	36.65	32.64	30.74	35.09	33.11	33.02	31.82	39.53	36.32	38.48	34.23	36.91	39.58	38.12	41.17	26.80	41.79	27.97	34.31	45.72	42.37	35.17	43.34	41.26	29.66	37.88	42.79	52.31	75.43	27.49	36.58	49.59	52.23	49.83	62.55	32.18	16.85	16.69	6.81	13.03	26.25	20.77	59.20	50.37	23.45	23.64	16.74	20.82	18.29	39.35	48.42	19.75	52.20	31.58	92.39	25.56	22.76	42.12	37.45	35.26	87.99	81.00
80.42	66.29	65.78	71.27	68.29	46.60	49.15	48.26	48.25	45.72	52.58	48.31	48.06	45.66	53.73	51.53	54.41	50.35	53.49	56.57	50.57	56.03	44.25	57.84	43.45	49.03	62.08	49.34	50.85	60.72	59.31	45.89	55.64	63.56	71.89	95.54	47.91	55.93	70.21	72.59	50.88	55.70	29.87	9.22	23.25	18.78	16.46	16.51	20.77	44.72	36.81	37.73	35.09	30.72	36.49	38.01	35.64	42.52	22.19	72.91	51.32	112.97	44.50	41.34	61.43	58.02	55.83	108.35	99.26
120.88	108.37	107.07	112.66	108.65	89.47	91.15	92.65	91.20	88.96	94.26	91.49	91.31	89.37	97.43	94.74	97.26	93.04	95.90	98.69	94.80	99.48	85.92	100.65	86.39	92.44	104.71	94.01	93.80	102.53	100.45	88.45	97.08	96.70	110.55	132.25	79.14	95.33	100.02	108.92	94.07	92.97	33.62	42.89	47.13	53.15	46.69	32.96	59.20	44.72	8.95	81.08	79.24	73.88	79.16	77.22	77.78	82.32	66.91	106.90	90.10	146.85	84.68	81.96	86.20	88.75	91.85	143.73	140.00
111.97	99.56	98.21	103.80	99.74	80.78	82.36	84.30	82.52	80.32	85.45	82.83	82.67	80.82	88.86	86.09	88.55	84.32	87.15	89.90	86.38	90.85	77.12	91.93	77.72	83.83	95.96	86.13	85.12	93.71	91.58	79.73	88.24	87.83	101.61	123.32	70.28	86.40	91.31	99.99	86.99	87.47	25.20	34.24	38.22	44.25	37.78	24.12	50.37	36.81	8.95	72.48	70.83	65.29	70.48	68.32	70.93	76.12	58.92	98.03	81.17	138.03	75.80	73.11	77.73	79.95	82.90	134.85	131.09
43.81	28.82	28.92	34.16	32.23	8.99	12.45	13.52	10.56	7.99	16.01	10.58	10.34	8.42	16.38	13.81	16.71	12.79	16.05	19.28	14.70	18.42	9.16	20.14	5.89	11.39	24.40	21.93	13.14	23.56	22.93	8.66	19.16	38.14	37.50	61.75	31.86	22.53	47.65	41.03	33.81	52.94	55.62	38.25	39.90	30.26	36.34	48.61	23.45	37.73	81.08	72.48	5.25	7.20	3.43	13.91	31.31	40.21	18.78	44.35	20.20	81.01	13.05	10.57	47.98	37.89	28.21	75.22	62.14
48.10	32.69	33.23	38.27	36.82	13.21	17.22	13.52	14.49	11.67	20.72	14.15	13.80	10.80	18.74	17.12	20.38	16.90	20.20	23.49	15.57	21.22	14.39	23.70	10.42	14.46	27.99	19.18	16.88	27.79	27.55	13.33	23.81	43.32	42.42	66.61	36.18	27.70	52.77	46.20	29.62	47.96	55.56	36.81	40.34	30.34	35.98	47.34	23.64	35.09	79.24	70.83	5.25	7.14	7.66	18.10	26.09	35.04	14.55	49.60	25.45	86.03	18.23	15.58	52.47	42.76	33.40	80.13	66.07
50.13	35.60	35.31	40.71	38.23	15.88	18.62	19.93	17.55	15.13	22.14	17.70	17.49	15.56	23.57	20.95	23.71	19.64	22.78	25.91	21.52	25.61	14.13	27.14	12.74	18.57	31.37	26.31	20.16	30.11	29.02	15.20	25.27	40.27	42.82	67.03	30.78	27.14	49.22	45.31	36.02	52.85	48.85	31.06	33.40	23.52	29.40	41.45	16.74	30.72	73.88	65.29	7.20	7.14	5.92	13.16	30.01	39.31	13.70	47.67	23.66	85.79	16.10	12.88	47.15	38.39	30.67	80.34	68.75
44.22	29.80	29.41	34.83	32.32	10.31	12.71	16.75	12.05	9.94	16.23	12.38	12.25	11.13	18.71	15.63	18.13	13.96	17.01	20.08	17.69	20.44	8.27	21.55	7.25	13.50	25.70	25.34	14.65	24.24	23.10	9.42	19.35	35.91	37.02	61.26	28.67	21.51	45.24	39.86	36.99	55.61	52.89	36.27	37.03	27.60	33.82	46.47	20.82	36.49	79.16	70.48	3.43	7.66	5.92	10.63	33.52	42.59	19.17	42.67	18.47	80.19	10.99	8.06	44.88	35.10	26.06	74.63	62.86
43.69	31.81	30.00	35.58	31.44	16.39	15.61	26.12	17.96	17.31	17.93	18.88	19.01	19.65	25.50	21.55	22.66	18.66	20.55	22.62	26.30	26.24	10.68	25.59	14.58	20.45	29.01	35.73	20.01	25.91	23.41	14.74	20.34	27.58	34.07	57.53	18.08	18.29	36.20	34.66	47.60	65.75	47.94	35.14	31.81	24.07	30.55	44.29	18.29	38.01	77.22	68.32	13.91	18.10	13.16	10.63	43.12	52.39	26.21	35.79	13.37	75.21	7.60	5.71	34.38	25.22	18.47	70.38	62.81
70.22	54.29	56.12	60.24	60.41	37.67	42.19	30.44	38.32	35.68	45.36	37.48	37.02	33.38	38.63	39.39	42.80	40.68	43.69	46.79	33.29	41.51	40.32	45.41	35.63	36.91	49.23	23.04	39.98	50.77	51.60	38.39	48.16	69.39	66.93	90.60	60.71	53.33	78.75	71.68	16.58	23.33	64.58	42.81	53.25	43.87	46.67	52.06	39.35	35.64	77.78	70.93	31.31	26.09	30.01	33.52	43.12	9.36	19.62	75.55	51.50	110.57	44.31	41.57	77.06	68.32	59.49	104.19	86.23
77.07	61.26	63.47	67.21	67.94	45.93	50.49	37.55	46.39	43.88	53.50	45.46	44.99	41.39	45.73	47.03	50.36	48.67	51.51	54.47	40.29	48.56	49.05	52.68	44.14	44.70	56.24	28.28	47.81	58.26	59.44	46.80	56.15	78.35	74.75	98.02	70.05	61.79	87.81	79.96	16.87	14.13	72.13	50.43	61.71	52.63	54.96	59.02	48.42	42.52	82.32	76.12	40.21	35.04	39.31	42.59	52.39	9.36	28.80	84.16	60.28	118.17	53.25	50.61	86.40	77.54	68.41	111.58	92.14
62.52	47.23	47.63	52.76	51.01	27.58	31.22	26.63	28.97	26.17	34.79	28.69	28.34	25.30	33.05	31.67	34.93	31.34	34.64	37.92	29.18	35.65	27.39	38.25	24.60	29.00	42.54	27.24	31.41	42.22	41.71	27.43	37.94	53.72	56.12	80.37	42.53	40.68	62.38	58.97	31.12	42.91	47.51	26.43	34.49	24.70	28.42	36.78	19.75	22.19	66.91	58.92	18.78	14.55	13.70	19.17	26.21	19.62	28.80	61.36	37.36	99.36	29.80	26.58	58.64	51.09	44.27	93.78	80.61
27.11	31.24	27.07	28.35	22.84	38.41	33.85	48.52	38.24	40.48	31.26	39.33	39.78	43.20	41.64	38.71	36.08	36.25	34.09	31.98	46.49	39.59	35.24	35.38	40.02	40.45	34.16	59.97	37.46	29.84	27.01	37.39	29.23	10.22	16.09	26.16	27.77	22.46	12.48	7.59	74.49	96.00	74.01	68.25	59.87	56.06	61.81	75.46	52.20	72.91	106.90	98.03	44.35	49.60	47.67	42.67	35.79	75.55	84.16	61.36	24.21	40.38	31.71	34.83	27.50	18.82	17.32	36.83	41.45
30.91	21.41	18.53	23.82	18.85	15.61	11.53	26.75	16.07	17.59	10.78	17.28	17.68	20.50	22.02	18.08	16.98	14.88	14.42	14.52	25.48	21.22	11.24	18.47	16.42	18.77	20.33	38.12	16.43	16.01	12.61	14.20	11.16	18.35	20.73	44.25	19.26	5.36	28.17	21.75	52.03	72.62	59.67	48.42	43.78	37.02	43.43	57.29	31.58	51.32	90.10	81.17	20.20	25.45	23.66	18.47	13.37	51.50	60.28	37.36	24.21	62.35	7.56	10.80	32.39	20.49	8.49	57.24	49.99
42.36	57.29	54.73	51.51	50.22	73.19	68.86	80.63	72.34	75.08	65.46	73.12	73.57	77.21	72.49	71.21	67.84	69.94	66.88	63.79	77.95	69.72	72.03	65.52	75.66	73.66	62.18	90.87	70.58	59.91	58.98	72.76	62.52	50.39	43.71	20.34	67.82	58.69	47.28	40.61	105.31	128.03	113.57	108.60	100.03	96.44	102.19	115.80	92.39	112.97	146.85	138.03	81.01	86.03	85.79	80.19	75.21	110.57	118.17	99.36	40.38	62.35	69.79	73.08	62.70	58.10	57.15	7.75	36.61
36.36	24.22	22.43	28.02	24.10	10.97	8.71	22.00	12.15	12.54	10.48	13.27	13.54	15.37	19.43	15.31	15.74	12.13	13.42	15.18	21.44	19.65	5.12	18.40	10.50	14.91	21.58	32.83	13.65	18.33	15.83	9.26	12.75	25.10	27.42	51.38	21.01	11.46	34.63	29.24	46.06	65.92	55.53	42.34	39.41	31.58	38.07	51.73	25.56	44.50	84.68	75.80	13.05	18.23	16.10	10.99	7.60	44.31	53.25	29.80	31.71	7.56	69.79	3.29	36.26	25.34	15.17	64.53	55.45
39.31	26.56	25.12	30.71	27.08	10.84	9.95	21.16	12.33	11.97	12.50	13.31	13.47	14.54	19.86	15.87	16.96	12.95	14.91	17.15	21.03	20.54	4.98	19.95	9.44	14.91	23.49	31.45	14.32	20.67	18.50	9.14	15.15	27.85	30.65	54.65	21.89	14.71	37.20	32.52	44.17	63.49	53.36	39.44	37.22	28.99	35.48	49.00	22.76	41.34	81.96	73.11	10.57	15.58	12.88	8.06	5.71	41.57	50.61	26.58	34.83	10.80	73.08	3.29	37.70	27.33	18.02	67.82	58.35
52.88	51.01	47.06	50.71	44.58	47.03	43.59	58.22	47.90	48.75	43.16	49.10	49.44	51.61	54.37	50.35	49.36	47.10	46.79	46.55	57.41	53.59	41.37	50.56	46.74	50.69	51.60	69.05	48.67	46.88	43.27	45.38	43.11	19.72	40.51	52.84	16.37	35.42	16.06	33.64	81.79	99.99	52.59	54.12	41.89	42.65	46.45	58.19	42.12	61.43	86.20	77.73	47.98	52.47	47.15	44.88	34.38	77.06	86.40	58.64	27.50	32.39	62.70	36.26	37.70	12.31	25.08	61.30	68.83
41.61	38.73	34.82	38.65	32.54	35.68	31.93	46.92	36.38	37.52	31.17	37.59	37.96	40.43	42.50	38.57	37.34	35.36	34.79	34.37	45.87	41.55	30.35	38.38	35.79	39.14	39.31	58.06	36.91	34.59	30.98	34.10	30.93	8.99	29.14	44.98	10.22	23.17	12.19	23.32	71.39	90.71	55.53	52.08	42.12	39.90	45.01	58.18	37.45	58.02	88.75	79.95	37.89	42.76	38.39	35.10	25.22	68.32	77.54	51.09	18.82	20.49	58.10	25.34	27.33	12.31	12.80	55.30	58.60
31.59	26.22	22.49	26.86	20.94	24.09	19.93	35.20	24.51	26.08	18.67	25.71	26.12	28.99	30.06	26.27	24.74	23.17	22.24	21.60	33.83	28.91	19.54	25.61	24.85	27.16	26.53	46.60	24.67	21.82	18.21	22.69	18.18	9.96	19.59	40.56	15.13	10.37	19.70	17.18	60.51	80.94	59.98	51.69	44.78	39.67	45.74	59.61	35.26	55.83	91.85	82.90	28.21	33.40	30.67	26.06	18.47	59.49	68.41	44.27	17.32	8.49	57.15	15.17	18.02	25.08	12.80	52.79	49.97
35.15	50.44	48.12	44.57	43.78	67.11	62.91	74.03	66.17	68.95	59.44	66.88	67.32	70.94	65.85	64.80	61.39	63.74	60.60	57.43	71.29	63.03	66.39	58.91	69.72	67.32	55.40	84.02	64.28	53.43	52.78	66.81	56.41	47.04	37.72	13.59	64.60	53.21	45.40	35.77	98.35	121.11	110.77	104.47	96.67	92.41	98.36	112.12	87.99	108.35	143.73	134.85	75.22	80.13	80.34	74.63	70.38	104.19	111.58	93.78	36.83	57.24	7.75	64.53	67.82	61.30	55.30	52.79	28.93
19.12	33.39	33.49	28.03	31.37	53.16	50.15	56.17	51.68	54.45	46.69	51.92	52.27	55.45	48.30	48.99	45.69	49.36	46.09	42.88	53.28	45.48	55.02	42.40	56.26	51.68	38.14	63.86	49.21	38.64	39.99	53.60	43.62	49.71	30.38	21.79	64.89	44.70	53.78	35.35	76.96	99.50	109.46	97.78	93.72	86.86	93.31	107.10	81.00	99.26	140.00	131.09	62.14	66.07	68.75	62.86	62.81	86.23	92.14	80.61	41.45	49.99	36.61	55.45	58.35	68.83	58.60	49.97	28.93
]; 
