N=80;
D=15;
K=2;
S=80;
B=2000;
M=[1 1];
MM=[5 5];
ND=2;
T=13.07;
C=[
220	150
220	150
220	150
220	150
220	150
220	150
220	150
220	150
220	150
220	150
220	150
220	150
220	150
220	150
220	150
];
beta=[
1	0	0	0	0	0	0	0	0	0	0	0	0	0	0	0	0	0	0	0	0	0	0	0	0	0	0	0	0	0	0	0	0	0	0	0	0	0	0	0	0	0	0	0	0	0	0	0	0	0	0	0	0	0	0	0	0	0	0	0	0	0	0	0	0	0	0	0	0	0	0	0	0	0	0	0	0	0	0	0
0	1	0	0	0	0	0	0	0	0	0	0	0	0	0	0	0	0	0	0	0	0	0	0	0	0	0	0	0	0	0	0	0	0	0	0	0	0	0	0	0	0	0	0	0	0	0	0	0	0	0	0	0	0	0	0	0	0	0	0	0	0	0	0	0	0	0	0	0	0	0	0	0	0	0	0	0	0	0	0
0	0	1	0	0	0	0	0	0	0	0	0	0	0	0	0	0	0	0	0	0	0	0	0	0	0	0	0	0	0	0	0	0	0	0	0	0	0	0	0	0	0	0	0	0	0	0	0	0	0	0	0	0	0	0	0	0	0	0	0	0	0	0	0	0	0	0	0	0	0	0	0	0	0	0	0	0	0	0	0
0	0	0	1	0	0	0	0	0	0	0	0	0	0	0	0	0	0	0	0	0	0	0	0	0	0	0	0	0	0	0	0	0	0	0	0	0	0	0	0	0	0	0	0	0	0	0	0	0	0	0	0	0	0	0	0	0	0	0	0	0	0	0	0	0	0	0	0	0	0	0	0	0	0	0	0	0	0	0	0
0	0	0	0	1	0	0	0	0	0	0	0	0	0	0	0	0	0	0	0	0	0	0	0	0	0	0	0	0	0	0	0	0	0	0	0	0	0	0	0	0	0	0	0	0	0	0	0	0	0	0	0	0	0	0	0	0	0	0	0	0	0	0	0	0	0	0	0	0	0	0	0	0	0	0	0	0	0	0	0
0	0	0	0	0	1	0	0	0	0	0	0	0	0	0	0	0	0	0	0	0	0	0	0	0	0	0	0	0	0	0	0	0	0	0	0	0	0	0	0	0	0	0	0	0	0	0	0	0	0	0	0	0	0	0	0	0	0	0	0	0	0	0	0	0	0	0	0	0	0	0	0	0	0	0	0	0	0	0	0
0	0	0	0	0	0	1	0	0	0	0	0	0	0	0	0	0	0	0	0	0	0	0	0	0	0	0	0	0	0	0	0	0	0	0	0	0	0	0	0	0	0	0	0	0	0	0	0	0	0	0	0	0	0	0	0	0	0	0	0	0	0	0	0	0	0	0	0	0	0	0	0	0	0	0	0	0	0	0	0
0	0	0	0	0	0	0	1	0	0	0	0	0	0	0	0	0	0	0	0	0	0	0	0	0	0	0	0	0	0	0	0	0	0	0	0	0	0	0	0	0	0	0	0	0	0	0	0	0	0	0	0	0	0	0	0	0	0	0	0	0	0	0	0	0	0	0	0	0	0	0	0	0	0	0	0	0	0	0	0
0	0	0	0	0	0	0	0	1	0	0	0	0	0	0	0	0	0	0	0	0	0	0	0	0	0	0	0	0	0	0	0	0	0	0	0	0	0	0	0	0	0	0	0	0	0	0	0	0	0	0	0	0	0	0	0	0	0	0	0	0	0	0	0	0	0	0	0	0	0	0	0	0	0	0	0	0	0	0	0
0	0	0	0	0	0	0	0	0	1	0	0	0	0	0	0	0	0	0	0	0	0	0	0	0	0	0	0	0	0	0	0	0	0	0	0	0	0	0	0	0	0	0	0	0	0	0	0	0	0	0	0	0	0	0	0	0	0	0	0	0	0	0	0	0	0	0	0	0	0	0	0	0	0	0	0	0	0	0	0
0	0	0	0	0	0	0	0	0	0	1	0	0	0	0	0	0	0	0	0	0	0	0	0	0	0	0	0	0	0	0	0	0	0	0	0	0	0	0	0	0	0	0	0	0	0	0	0	0	0	0	0	0	0	0	0	0	0	0	0	0	0	0	0	0	0	0	0	0	0	0	0	0	0	0	0	0	0	0	0
0	0	0	0	0	0	0	0	0	0	0	1	0	0	0	0	0	0	0	0	0	0	0	0	0	0	0	0	0	0	0	0	0	0	0	0	0	0	0	0	0	0	0	0	0	0	0	0	0	0	0	0	0	0	0	0	0	0	0	0	0	0	0	0	0	0	0	0	0	0	0	0	0	0	0	0	0	0	0	0
0	0	0	0	0	0	0	0	0	0	0	0	1	0	0	0	0	0	0	0	0	0	0	0	0	0	0	0	0	0	0	0	0	0	0	0	0	0	0	0	0	0	0	0	0	0	0	0	0	0	0	0	0	0	0	0	0	0	0	0	0	0	0	0	0	0	0	0	0	0	0	0	0	0	0	0	0	0	0	0
0	0	0	0	0	0	0	0	0	0	0	0	0	1	0	0	0	0	0	0	0	0	0	0	0	0	0	0	0	0	0	0	0	0	0	0	0	0	0	0	0	0	0	0	0	0	0	0	0	0	0	0	0	0	0	0	0	0	0	0	0	0	0	0	0	0	0	0	0	0	0	0	0	0	0	0	0	0	0	0
0	0	0	0	0	0	0	0	0	0	0	0	0	0	1	0	0	0	0	0	0	0	0	0	0	0	0	0	0	0	0	0	0	0	0	0	0	0	0	0	0	0	0	0	0	0	0	0	0	0	0	0	0	0	0	0	0	0	0	0	0	0	0	0	0	0	0	0	0	0	0	0	0	0	0	0	0	0	0	0
0	0	0	0	0	0	0	0	0	0	0	0	0	0	0	1	0	0	0	0	0	0	0	0	0	0	0	0	0	0	0	0	0	0	0	0	0	0	0	0	0	0	0	0	0	0	0	0	0	0	0	0	0	0	0	0	0	0	0	0	0	0	0	0	0	0	0	0	0	0	0	0	0	0	0	0	0	0	0	0
0	0	0	0	0	0	0	0	0	0	0	0	0	0	0	0	1	0	0	0	0	0	0	0	0	0	0	0	0	0	0	0	0	0	0	0	0	0	0	0	0	0	0	0	0	0	0	0	0	0	0	0	0	0	0	0	0	0	0	0	0	0	0	0	0	0	0	0	0	0	0	0	0	0	0	0	0	0	0	0
0	0	0	0	0	0	0	0	0	0	0	0	0	0	0	0	0	1	0	0	0	0	0	0	0	0	0	0	0	0	0	0	0	0	0	0	0	0	0	0	0	0	0	0	0	0	0	0	0	0	0	0	0	0	0	0	0	0	0	0	0	0	0	0	0	0	0	0	0	0	0	0	0	0	0	0	0	0	0	0
0	0	0	0	0	0	0	0	0	0	0	0	0	0	0	0	0	0	1	0	0	0	0	0	0	0	0	0	0	0	0	0	0	0	0	0	0	0	0	0	0	0	0	0	0	0	0	0	0	0	0	0	0	0	0	0	0	0	0	0	0	0	0	0	0	0	0	0	0	0	0	0	0	0	0	0	0	0	0	0
0	0	0	0	0	0	0	0	0	0	0	0	0	0	0	0	0	0	0	1	0	0	0	0	0	0	0	0	0	0	0	0	0	0	0	0	0	0	0	0	0	0	0	0	0	0	0	0	0	0	0	0	0	0	0	0	0	0	0	0	0	0	0	0	0	0	0	0	0	0	0	0	0	0	0	0	0	0	0	0
0	0	0	0	0	0	0	0	0	0	0	0	0	0	0	0	0	0	0	0	1	0	0	0	0	0	0	0	0	0	0	0	0	0	0	0	0	0	0	0	0	0	0	0	0	0	0	0	0	0	0	0	0	0	0	0	0	0	0	0	0	0	0	0	0	0	0	0	0	0	0	0	0	0	0	0	0	0	0	0
0	0	0	0	0	0	0	0	0	0	0	0	0	0	0	0	0	0	0	0	0	1	0	0	0	0	0	0	0	0	0	0	0	0	0	0	0	0	0	0	0	0	0	0	0	0	0	0	0	0	0	0	0	0	0	0	0	0	0	0	0	0	0	0	0	0	0	0	0	0	0	0	0	0	0	0	0	0	0	0
0	0	0	0	0	0	0	0	0	0	0	0	0	0	0	0	0	0	0	0	0	0	1	0	0	0	0	0	0	0	0	0	0	0	0	0	0	0	0	0	0	0	0	0	0	0	0	0	0	0	0	0	0	0	0	0	0	0	0	0	0	0	0	0	0	0	0	0	0	0	0	0	0	0	0	0	0	0	0	0
0	0	0	0	0	0	0	0	0	0	0	0	0	0	0	0	0	0	0	0	0	0	0	1	0	0	0	0	0	0	0	0	0	0	0	0	0	0	0	0	0	0	0	0	0	0	0	0	0	0	0	0	0	0	0	0	0	0	0	0	0	0	0	0	0	0	0	0	0	0	0	0	0	0	0	0	0	0	0	0
0	0	0	0	0	0	0	0	0	0	0	0	0	0	0	0	0	0	0	0	0	0	0	0	1	0	0	0	0	0	0	0	0	0	0	0	0	0	0	0	0	0	0	0	0	0	0	0	0	0	0	0	0	0	0	0	0	0	0	0	0	0	0	0	0	0	0	0	0	0	0	0	0	0	0	0	0	0	0	0
0	0	0	0	0	0	0	0	0	0	0	0	0	0	0	0	0	0	0	0	0	0	0	0	0	1	0	0	0	0	0	0	0	0	0	0	0	0	0	0	0	0	0	0	0	0	0	0	0	0	0	0	0	0	0	0	0	0	0	0	0	0	0	0	0	0	0	0	0	0	0	0	0	0	0	0	0	0	0	0
0	0	0	0	0	0	0	0	0	0	0	0	0	0	0	0	0	0	0	0	0	0	0	0	0	0	1	0	0	0	0	0	0	0	0	0	0	0	0	0	0	0	0	0	0	0	0	0	0	0	0	0	0	0	0	0	0	0	0	0	0	0	0	0	0	0	0	0	0	0	0	0	0	0	0	0	0	0	0	0
0	0	0	0	0	0	0	0	0	0	0	0	0	0	0	0	0	0	0	0	0	0	0	0	0	0	0	1	0	0	0	0	0	0	0	0	0	0	0	0	0	0	0	0	0	0	0	0	0	0	0	0	0	0	0	0	0	0	0	0	0	0	0	0	0	0	0	0	0	0	0	0	0	0	0	0	0	0	0	0
0	0	0	0	0	0	0	0	0	0	0	0	0	0	0	0	0	0	0	0	0	0	0	0	0	0	0	0	1	0	0	0	0	0	0	0	0	0	0	0	0	0	0	0	0	0	0	0	0	0	0	0	0	0	0	0	0	0	0	0	0	0	0	0	0	0	0	0	0	0	0	0	0	0	0	0	0	0	0	0
0	0	0	0	0	0	0	0	0	0	0	0	0	0	0	0	0	0	0	0	0	0	0	0	0	0	0	0	0	1	0	0	0	0	0	0	0	0	0	0	0	0	0	0	0	0	0	0	0	0	0	0	0	0	0	0	0	0	0	0	0	0	0	0	0	0	0	0	0	0	0	0	0	0	0	0	0	0	0	0
0	0	0	0	0	0	0	0	0	0	0	0	0	0	0	0	0	0	0	0	0	0	0	0	0	0	0	0	0	0	1	0	0	0	0	0	0	0	0	0	0	0	0	0	0	0	0	0	0	0	0	0	0	0	0	0	0	0	0	0	0	0	0	0	0	0	0	0	0	0	0	0	0	0	0	0	0	0	0	0
0	0	0	0	0	0	0	0	0	0	0	0	0	0	0	0	0	0	0	0	0	0	0	0	0	0	0	0	0	0	0	1	0	0	0	0	0	0	0	0	0	0	0	0	0	0	0	0	0	0	0	0	0	0	0	0	0	0	0	0	0	0	0	0	0	0	0	0	0	0	0	0	0	0	0	0	0	0	0	0
0	0	0	0	0	0	0	0	0	0	0	0	0	0	0	0	0	0	0	0	0	0	0	0	0	0	0	0	0	0	0	0	1	0	0	0	0	0	0	0	0	0	0	0	0	0	0	0	0	0	0	0	0	0	0	0	0	0	0	0	0	0	0	0	0	0	0	0	0	0	0	0	0	0	0	0	0	0	0	0
0	0	0	0	0	0	0	0	0	0	0	0	0	0	0	0	0	0	0	0	0	0	0	0	0	0	0	0	0	0	0	0	0	1	0	0	0	0	0	0	0	0	0	0	0	0	0	0	0	0	0	0	0	0	0	0	0	0	0	0	0	0	0	0	0	0	0	0	0	0	0	0	0	0	0	0	0	0	0	0
0	0	0	0	0	0	0	0	0	0	0	0	0	0	0	0	0	0	0	0	0	0	0	0	0	0	0	0	0	0	0	0	0	0	1	0	0	0	0	0	0	0	0	0	0	0	0	0	0	0	0	0	0	0	0	0	0	0	0	0	0	0	0	0	0	0	0	0	0	0	0	0	0	0	0	0	0	0	0	0
0	0	0	0	0	0	0	0	0	0	0	0	0	0	0	0	0	0	0	0	0	0	0	0	0	0	0	0	0	0	0	0	0	0	0	1	0	0	0	0	0	0	0	0	0	0	0	0	0	0	0	0	0	0	0	0	0	0	0	0	0	0	0	0	0	0	0	0	0	0	0	0	0	0	0	0	0	0	0	0
0	0	0	0	0	0	0	0	0	0	0	0	0	0	0	0	0	0	0	0	0	0	0	0	0	0	0	0	0	0	0	0	0	0	0	0	1	0	0	0	0	0	0	0	0	0	0	0	0	0	0	0	0	0	0	0	0	0	0	0	0	0	0	0	0	0	0	0	0	0	0	0	0	0	0	0	0	0	0	0
0	0	0	0	0	0	0	0	0	0	0	0	0	0	0	0	0	0	0	0	0	0	0	0	0	0	0	0	0	0	0	0	0	0	0	0	0	1	0	0	0	0	0	0	0	0	0	0	0	0	0	0	0	0	0	0	0	0	0	0	0	0	0	0	0	0	0	0	0	0	0	0	0	0	0	0	0	0	0	0
0	0	0	0	0	0	0	0	0	0	0	0	0	0	0	0	0	0	0	0	0	0	0	0	0	0	0	0	0	0	0	0	0	0	0	0	0	0	1	0	0	0	0	0	0	0	0	0	0	0	0	0	0	0	0	0	0	0	0	0	0	0	0	0	0	0	0	0	0	0	0	0	0	0	0	0	0	0	0	0
0	0	0	0	0	0	0	0	0	0	0	0	0	0	0	0	0	0	0	0	0	0	0	0	0	0	0	0	0	0	0	0	0	0	0	0	0	0	0	1	0	0	0	0	0	0	0	0	0	0	0	0	0	0	0	0	0	0	0	0	0	0	0	0	0	0	0	0	0	0	0	0	0	0	0	0	0	0	0	0
0	0	0	0	0	0	0	0	0	0	0	0	0	0	0	0	0	0	0	0	0	0	0	0	0	0	0	0	0	0	0	0	0	0	0	0	0	0	0	0	1	0	0	0	0	0	0	0	0	0	0	0	0	0	0	0	0	0	0	0	0	0	0	0	0	0	0	0	0	0	0	0	0	0	0	0	0	0	0	0
0	0	0	0	0	0	0	0	0	0	0	0	0	0	0	0	0	0	0	0	0	0	0	0	0	0	0	0	0	0	0	0	0	0	0	0	0	0	0	0	0	1	0	0	0	0	0	0	0	0	0	0	0	0	0	0	0	0	0	0	0	0	0	0	0	0	0	0	0	0	0	0	0	0	0	0	0	0	0	0
0	0	0	0	0	0	0	0	0	0	0	0	0	0	0	0	0	0	0	0	0	0	0	0	0	0	0	0	0	0	0	0	0	0	0	0	0	0	0	0	0	0	1	0	0	0	0	0	0	0	0	0	0	0	0	0	0	0	0	0	0	0	0	0	0	0	0	0	0	0	0	0	0	0	0	0	0	0	0	0
0	0	0	0	0	0	0	0	0	0	0	0	0	0	0	0	0	0	0	0	0	0	0	0	0	0	0	0	0	0	0	0	0	0	0	0	0	0	0	0	0	0	0	1	0	0	0	0	0	0	0	0	0	0	0	0	0	0	0	0	0	0	0	0	0	0	0	0	0	0	0	0	0	0	0	0	0	0	0	0
0	0	0	0	0	0	0	0	0	0	0	0	0	0	0	0	0	0	0	0	0	0	0	0	0	0	0	0	0	0	0	0	0	0	0	0	0	0	0	0	0	0	0	0	1	0	0	0	0	0	0	0	0	0	0	0	0	0	0	0	0	0	0	0	0	0	0	0	0	0	0	0	0	0	0	0	0	0	0	0
0	0	0	0	0	0	0	0	0	0	0	0	0	0	0	0	0	0	0	0	0	0	0	0	0	0	0	0	0	0	0	0	0	0	0	0	0	0	0	0	0	0	0	0	0	1	0	0	0	0	0	0	0	0	0	0	0	0	0	0	0	0	0	0	0	0	0	0	0	0	0	0	0	0	0	0	0	0	0	0
0	0	0	0	0	0	0	0	0	0	0	0	0	0	0	0	0	0	0	0	0	0	0	0	0	0	0	0	0	0	0	0	0	0	0	0	0	0	0	0	0	0	0	0	0	0	1	0	0	0	0	0	0	0	0	0	0	0	0	0	0	0	0	0	0	0	0	0	0	0	0	0	0	0	0	0	0	0	0	0
0	0	0	0	0	0	0	0	0	0	0	0	0	0	0	0	0	0	0	0	0	0	0	0	0	0	0	0	0	0	0	0	0	0	0	0	0	0	0	0	0	0	0	0	0	0	0	1	0	0	0	0	0	0	0	0	0	0	0	0	0	0	0	0	0	0	0	0	0	0	0	0	0	0	0	0	0	0	0	0
0	0	0	0	0	0	0	0	0	0	0	0	0	0	0	0	0	0	0	0	0	0	0	0	0	0	0	0	0	0	0	0	0	0	0	0	0	0	0	0	0	0	0	0	0	0	0	0	1	0	0	0	0	0	0	0	0	0	0	0	0	0	0	0	0	0	0	0	0	0	0	0	0	0	0	0	0	0	0	0
0	0	0	0	0	0	0	0	0	0	0	0	0	0	0	0	0	0	0	0	0	0	0	0	0	0	0	0	0	0	0	0	0	0	0	0	0	0	0	0	0	0	0	0	0	0	0	0	0	1	0	0	0	0	0	0	0	0	0	0	0	0	0	0	0	0	0	0	0	0	0	0	0	0	0	0	0	0	0	0
0	0	0	0	0	0	0	0	0	0	0	0	0	0	0	0	0	0	0	0	0	0	0	0	0	0	0	0	0	0	0	0	0	0	0	0	0	0	0	0	0	0	0	0	0	0	0	0	0	0	1	0	0	0	0	0	0	0	0	0	0	0	0	0	0	0	0	0	0	0	0	0	0	0	0	0	0	0	0	0
0	0	0	0	0	0	0	0	0	0	0	0	0	0	0	0	0	0	0	0	0	0	0	0	0	0	0	0	0	0	0	0	0	0	0	0	0	0	0	0	0	0	0	0	0	0	0	0	0	0	0	1	0	0	0	0	0	0	0	0	0	0	0	0	0	0	0	0	0	0	0	0	0	0	0	0	0	0	0	0
0	0	0	0	0	0	0	0	0	0	0	0	0	0	0	0	0	0	0	0	0	0	0	0	0	0	0	0	0	0	0	0	0	0	0	0	0	0	0	0	0	0	0	0	0	0	0	0	0	0	0	0	1	0	0	0	0	0	0	0	0	0	0	0	0	0	0	0	0	0	0	0	0	0	0	0	0	0	0	0
0	0	0	0	0	0	0	0	0	0	0	0	0	0	0	0	0	0	0	0	0	0	0	0	0	0	0	0	0	0	0	0	0	0	0	0	0	0	0	0	0	0	0	0	0	0	0	0	0	0	0	0	0	1	0	0	0	0	0	0	0	0	0	0	0	0	0	0	0	0	0	0	0	0	0	0	0	0	0	0
0	0	0	0	0	0	0	0	0	0	0	0	0	0	0	0	0	0	0	0	0	0	0	0	0	0	0	0	0	0	0	0	0	0	0	0	0	0	0	0	0	0	0	0	0	0	0	0	0	0	0	0	0	0	1	0	0	0	0	0	0	0	0	0	0	0	0	0	0	0	0	0	0	0	0	0	0	0	0	0
0	0	0	0	0	0	0	0	0	0	0	0	0	0	0	0	0	0	0	0	0	0	0	0	0	0	0	0	0	0	0	0	0	0	0	0	0	0	0	0	0	0	0	0	0	0	0	0	0	0	0	0	0	0	0	1	0	0	0	0	0	0	0	0	0	0	0	0	0	0	0	0	0	0	0	0	0	0	0	0
0	0	0	0	0	0	0	0	0	0	0	0	0	0	0	0	0	0	0	0	0	0	0	0	0	0	0	0	0	0	0	0	0	0	0	0	0	0	0	0	0	0	0	0	0	0	0	0	0	0	0	0	0	0	0	0	1	0	0	0	0	0	0	0	0	0	0	0	0	0	0	0	0	0	0	0	0	0	0	0
0	0	0	0	0	0	0	0	0	0	0	0	0	0	0	0	0	0	0	0	0	0	0	0	0	0	0	0	0	0	0	0	0	0	0	0	0	0	0	0	0	0	0	0	0	0	0	0	0	0	0	0	0	0	0	0	0	1	0	0	0	0	0	0	0	0	0	0	0	0	0	0	0	0	0	0	0	0	0	0
0	0	0	0	0	0	0	0	0	0	0	0	0	0	0	0	0	0	0	0	0	0	0	0	0	0	0	0	0	0	0	0	0	0	0	0	0	0	0	0	0	0	0	0	0	0	0	0	0	0	0	0	0	0	0	0	0	0	1	0	0	0	0	0	0	0	0	0	0	0	0	0	0	0	0	0	0	0	0	0
0	0	0	0	0	0	0	0	0	0	0	0	0	0	0	0	0	0	0	0	0	0	0	0	0	0	0	0	0	0	0	0	0	0	0	0	0	0	0	0	0	0	0	0	0	0	0	0	0	0	0	0	0	0	0	0	0	0	0	1	0	0	0	0	0	0	0	0	0	0	0	0	0	0	0	0	0	0	0	0
0	0	0	0	0	0	0	0	0	0	0	0	0	0	0	0	0	0	0	0	0	0	0	0	0	0	0	0	0	0	0	0	0	0	0	0	0	0	0	0	0	0	0	0	0	0	0	0	0	0	0	0	0	0	0	0	0	0	0	0	1	0	0	0	0	0	0	0	0	0	0	0	0	0	0	0	0	0	0	0
0	0	0	0	0	0	0	0	0	0	0	0	0	0	0	0	0	0	0	0	0	0	0	0	0	0	0	0	0	0	0	0	0	0	0	0	0	0	0	0	0	0	0	0	0	0	0	0	0	0	0	0	0	0	0	0	0	0	0	0	0	1	0	0	0	0	0	0	0	0	0	0	0	0	0	0	0	0	0	0
0	0	0	0	0	0	0	0	0	0	0	0	0	0	0	0	0	0	0	0	0	0	0	0	0	0	0	0	0	0	0	0	0	0	0	0	0	0	0	0	0	0	0	0	0	0	0	0	0	0	0	0	0	0	0	0	0	0	0	0	0	0	1	0	0	0	0	0	0	0	0	0	0	0	0	0	0	0	0	0
0	0	0	0	0	0	0	0	0	0	0	0	0	0	0	0	0	0	0	0	0	0	0	0	0	0	0	0	0	0	0	0	0	0	0	0	0	0	0	0	0	0	0	0	0	0	0	0	0	0	0	0	0	0	0	0	0	0	0	0	0	0	0	1	0	0	0	0	0	0	0	0	0	0	0	0	0	0	0	0
0	0	0	0	0	0	0	0	0	0	0	0	0	0	0	0	0	0	0	0	0	0	0	0	0	0	0	0	0	0	0	0	0	0	0	0	0	0	0	0	0	0	0	0	0	0	0	0	0	0	0	0	0	0	0	0	0	0	0	0	0	0	0	0	1	0	0	0	0	0	0	0	0	0	0	0	0	0	0	0
0	0	0	0	0	0	0	0	0	0	0	0	0	0	0	0	0	0	0	0	0	0	0	0	0	0	0	0	0	0	0	0	0	0	0	0	0	0	0	0	0	0	0	0	0	0	0	0	0	0	0	0	0	0	0	0	0	0	0	0	0	0	0	0	0	1	0	0	0	0	0	0	0	0	0	0	0	0	0	0
0	0	0	0	0	0	0	0	0	0	0	0	0	0	0	0	0	0	0	0	0	0	0	0	0	0	0	0	0	0	0	0	0	0	0	0	0	0	0	0	0	0	0	0	0	0	0	0	0	0	0	0	0	0	0	0	0	0	0	0	0	0	0	0	0	0	1	0	0	0	0	0	0	0	0	0	0	0	0	0
0	0	0	0	0	0	0	0	0	0	0	0	0	0	0	0	0	0	0	0	0	0	0	0	0	0	0	0	0	0	0	0	0	0	0	0	0	0	0	0	0	0	0	0	0	0	0	0	0	0	0	0	0	0	0	0	0	0	0	0	0	0	0	0	0	0	0	1	0	0	0	0	0	0	0	0	0	0	0	0
0	0	0	0	0	0	0	0	0	0	0	0	0	0	0	0	0	0	0	0	0	0	0	0	0	0	0	0	0	0	0	0	0	0	0	0	0	0	0	0	0	0	0	0	0	0	0	0	0	0	0	0	0	0	0	0	0	0	0	0	0	0	0	0	0	0	0	0	1	0	0	0	0	0	0	0	0	0	0	0
0	0	0	0	0	0	0	0	0	0	0	0	0	0	0	0	0	0	0	0	0	0	0	0	0	0	0	0	0	0	0	0	0	0	0	0	0	0	0	0	0	0	0	0	0	0	0	0	0	0	0	0	0	0	0	0	0	0	0	0	0	0	0	0	0	0	0	0	0	1	0	0	0	0	0	0	0	0	0	0
0	0	0	0	0	0	0	0	0	0	0	0	0	0	0	0	0	0	0	0	0	0	0	0	0	0	0	0	0	0	0	0	0	0	0	0	0	0	0	0	0	0	0	0	0	0	0	0	0	0	0	0	0	0	0	0	0	0	0	0	0	0	0	0	0	0	0	0	0	0	1	0	0	0	0	0	0	0	0	0
0	0	0	0	0	0	0	0	0	0	0	0	0	0	0	0	0	0	0	0	0	0	0	0	0	0	0	0	0	0	0	0	0	0	0	0	0	0	0	0	0	0	0	0	0	0	0	0	0	0	0	0	0	0	0	0	0	0	0	0	0	0	0	0	0	0	0	0	0	0	0	1	0	0	0	0	0	0	0	0
0	0	0	0	0	0	0	0	0	0	0	0	0	0	0	0	0	0	0	0	0	0	0	0	0	0	0	0	0	0	0	0	0	0	0	0	0	0	0	0	0	0	0	0	0	0	0	0	0	0	0	0	0	0	0	0	0	0	0	0	0	0	0	0	0	0	0	0	0	0	0	0	1	0	0	0	0	0	0	0
0	0	0	0	0	0	0	0	0	0	0	0	0	0	0	0	0	0	0	0	0	0	0	0	0	0	0	0	0	0	0	0	0	0	0	0	0	0	0	0	0	0	0	0	0	0	0	0	0	0	0	0	0	0	0	0	0	0	0	0	0	0	0	0	0	0	0	0	0	0	0	0	0	1	0	0	0	0	0	0
0	0	0	0	0	0	0	0	0	0	0	0	0	0	0	0	0	0	0	0	0	0	0	0	0	0	0	0	0	0	0	0	0	0	0	0	0	0	0	0	0	0	0	0	0	0	0	0	0	0	0	0	0	0	0	0	0	0	0	0	0	0	0	0	0	0	0	0	0	0	0	0	0	0	1	0	0	0	0	0
0	0	0	0	0	0	0	0	0	0	0	0	0	0	0	0	0	0	0	0	0	0	0	0	0	0	0	0	0	0	0	0	0	0	0	0	0	0	0	0	0	0	0	0	0	0	0	0	0	0	0	0	0	0	0	0	0	0	0	0	0	0	0	0	0	0	0	0	0	0	0	0	0	0	0	1	0	0	0	0
0	0	0	0	0	0	0	0	0	0	0	0	0	0	0	0	0	0	0	0	0	0	0	0	0	0	0	0	0	0	0	0	0	0	0	0	0	0	0	0	0	0	0	0	0	0	0	0	0	0	0	0	0	0	0	0	0	0	0	0	0	0	0	0	0	0	0	0	0	0	0	0	0	0	0	0	1	0	0	0
0	0	0	0	0	0	0	0	0	0	0	0	0	0	0	0	0	0	0	0	0	0	0	0	0	0	0	0	0	0	0	0	0	0	0	0	0	0	0	0	0	0	0	0	0	0	0	0	0	0	0	0	0	0	0	0	0	0	0	0	0	0	0	0	0	0	0	0	0	0	0	0	0	0	0	0	0	1	0	0
0	0	0	0	0	0	0	0	0	0	0	0	0	0	0	0	0	0	0	0	0	0	0	0	0	0	0	0	0	0	0	0	0	0	0	0	0	0	0	0	0	0	0	0	0	0	0	0	0	0	0	0	0	0	0	0	0	0	0	0	0	0	0	0	0	0	0	0	0	0	0	0	0	0	0	0	0	0	1	0
0	0	0	0	0	0	0	0	0	0	0	0	0	0	0	0	0	0	0	0	0	0	0	0	0	0	0	0	0	0	0	0	0	0	0	0	0	0	0	0	0	0	0	0	0	0	0	0	0	0	0	0	0	0	0	0	0	0	0	0	0	0	0	0	0	0	0	0	0	0	0	0	0	0	0	0	0	0	0	1
];
alfa=[
0	0	0	0	0	0	0	0	0	0	0	0	0	0	0	0	0	0	0	0	0	0	0	0	0	0	0	0	0	0	0	0	0	0	0	0	0	0	0	0	0	0	0	0	0	0	0	0	0	0	0	0	0	0	0	0	0	0	0	0	0	0	0	0	0	0	0	0	0	0	0	0	0	0	0	0	0	0	0	0
0	0	0	0	0	0	0	0	0	0	0	0	0	0	0	0	0	0	0	0	0	0	0	0	0	0	0	0	0	0	0	0	0	0	0	0	0	0	0	0	0	0	0	0	0	0	0	0	0	0	0	0	0	0	0	0	0	0	0	0	0	0	0	0	0	0	0	0	0	0	0	0	0	0	0	0	0	0	0	0
0	0	0	0	0	0	0	0	0	0	0	0	0	0	0	0	0	0	0	0	0	0	0	0	0	0	0	0	0	0	0	0	0	0	0	0	0	0	0	0	0	0	0	0	0	0	0	0	0	0	0	0	0	0	0	0	0	0	0	0	0	0	0	0	0	0	0	0	0	0	0	0	0	0	0	0	0	0	0	0
0	0	0	0	0	0	0	0	0	0	0	0	0	0	0	0	0	0	0	0	0	0	0	0	0	0	0	0	0	0	0	0	0	0	0	0	0	0	0	0	0	0	0	0	0	0	0	0	0	0	0	0	0	0	0	0	0	0	0	0	0	0	0	0	0	0	0	0	0	0	0	0	0	0	0	0	0	0	0	0
0	0	0	0	0	0	0	0	0	0	0	1	0	0	1	1	0	0	0	0	0	0	0	0	0	0	0	0	0	0	0	0	0	0	0	0	0	0	0	0	0	0	0	0	0	0	0	0	0	0	0	0	0	0	0	0	0	0	0	1	0	0	0	0	0	0	0	0	0	0	0	0	0	0	0	0	0	0	0	0
0	0	0	0	0	0	0	0	0	0	0	0	0	0	0	0	0	0	0	0	0	0	0	0	0	0	0	0	0	0	0	0	0	0	0	0	0	0	0	0	0	0	0	0	0	0	0	0	0	0	0	0	0	0	0	0	0	0	0	0	0	0	0	0	0	0	0	0	0	0	0	0	0	0	0	0	0	0	0	0
0	0	0	0	0	0	0	0	0	0	0	0	0	0	0	0	0	0	0	0	0	0	0	0	0	0	0	0	0	0	0	0	0	0	0	0	0	0	0	0	0	0	0	0	0	0	0	0	0	0	0	0	0	0	0	0	0	0	0	0	0	0	0	0	0	0	0	0	0	0	0	0	0	0	0	0	0	0	0	0
0	0	0	0	0	0	0	0	0	0	0	0	0	0	0	0	0	0	0	0	0	0	0	0	0	0	0	0	0	0	0	0	0	0	0	0	0	0	0	0	0	0	0	0	0	0	0	0	0	0	0	0	0	0	0	0	0	0	0	0	0	0	0	0	0	0	0	0	0	0	0	0	0	0	0	0	0	0	0	0
0	0	0	0	0	0	0	0	0	0	0	0	0	0	0	0	0	0	0	0	0	0	0	0	0	0	0	0	0	0	0	0	0	0	0	0	0	0	0	0	0	0	0	0	0	0	0	0	0	0	0	0	0	0	0	0	0	0	0	0	0	0	0	0	0	0	0	0	0	0	0	0	0	0	0	0	0	0	0	0
0	0	0	0	0	0	0	0	0	0	0	0	0	0	0	0	0	0	0	0	0	0	0	0	0	0	0	0	0	0	0	0	0	0	0	0	0	0	0	0	0	0	0	0	0	0	0	0	0	0	0	0	0	0	0	0	0	0	0	0	0	0	0	0	0	0	0	0	0	0	0	0	0	0	0	0	0	0	0	0
0	0	1	0	0	0	0	0	0	1	1	0	0	1	0	0	1	0	0	0	0	0	0	0	0	0	0	0	0	0	0	0	0	0	0	0	0	0	0	0	0	0	0	0	0	0	0	0	0	0	0	0	0	0	0	0	0	0	0	0	0	0	0	0	0	0	0	0	0	0	0	0	0	0	0	0	0	0	0	0
0	0	0	0	0	0	0	0	0	0	0	0	0	0	0	0	1	0	0	0	0	0	0	0	0	0	0	0	0	0	0	0	0	0	0	0	0	0	0	0	0	0	0	0	0	0	0	0	0	0	0	0	0	0	0	0	0	0	0	0	0	0	0	0	0	0	0	0	0	0	0	0	0	0	0	0	0	0	0	0
1	1	1	1	0	0	0	1	0	1	1	0	0	1	0	0	1	1	0	0	0	0	0	0	0	0	0	0	0	0	0	0	0	0	0	0	0	0	0	0	0	0	0	0	0	0	0	0	0	0	0	0	0	0	0	0	0	0	0	0	1	0	0	0	0	0	0	0	0	0	0	0	0	0	0	0	0	0	0	0
0	0	0	0	0	0	0	0	0	0	0	0	0	0	0	0	0	0	0	0	0	0	0	0	0	0	0	0	0	0	0	0	0	0	0	0	0	0	0	0	0	0	0	0	0	0	0	0	0	0	0	0	0	0	0	0	0	0	0	0	0	0	0	0	0	0	0	0	0	0	0	0	0	0	0	0	0	0	0	0
0	0	0	0	0	1	0	0	0	0	0	0	0	0	0	0	0	0	0	0	0	0	0	0	0	0	0	0	0	0	0	0	0	0	0	0	0	0	0	0	0	0	0	0	0	0	0	0	0	0	0	0	0	0	0	0	0	0	0	0	0	0	0	0	0	0	0	0	0	0	0	0	0	0	0	0	0	0	0	0
0	0	0	0	0	1	0	0	0	0	0	0	0	0	0	0	0	0	0	0	0	0	0	0	0	0	0	0	0	0	0	0	0	0	0	0	0	0	0	0	0	0	0	0	0	0	0	0	0	0	0	0	0	0	0	0	0	0	0	0	0	0	0	0	0	0	0	0	0	0	0	0	0	0	0	0	0	0	0	0
1	0	1	0	0	0	0	0	0	0	1	0	0	1	0	0	1	0	0	0	0	0	0	0	0	0	0	0	0	0	0	0	0	0	0	0	0	0	0	0	0	0	0	0	0	0	0	0	0	0	0	0	0	0	0	0	0	0	0	0	0	0	0	0	0	0	0	0	0	0	0	0	0	0	0	0	0	0	0	0
0	0	1	0	0	0	0	0	0	0	1	0	0	1	0	0	0	0	0	0	0	0	0	0	0	0	0	0	0	0	0	0	0	0	0	0	0	0	0	0	0	0	0	0	0	0	0	0	0	0	0	0	0	0	0	0	0	0	0	0	0	0	0	0	0	0	0	0	0	0	0	0	0	0	0	0	0	0	0	0
1	0	1	1	0	0	0	1	0	1	1	0	0	1	0	0	1	0	0	0	0	0	0	0	0	0	0	0	0	0	0	0	0	0	0	0	0	1	0	0	0	0	0	0	0	0	0	0	0	0	0	0	0	0	0	0	0	0	0	0	0	0	0	0	0	0	0	0	0	0	0	0	0	0	0	0	0	0	0	0
0	0	0	0	0	0	0	0	0	1	0	0	0	0	0	0	0	0	0	0	0	0	0	0	0	0	0	0	0	0	0	0	0	0	0	0	0	0	0	0	0	0	0	0	0	0	0	0	0	0	0	0	0	0	0	0	0	0	0	0	0	0	0	0	0	0	0	0	0	0	0	0	0	0	0	0	0	0	0	0
0	1	1	1	1	0	0	0	0	0	0	0	0	1	0	0	0	1	0	0	0	0	0	0	0	0	0	0	0	0	0	0	0	0	0	0	0	0	0	0	0	0	0	0	0	0	0	0	0	0	0	0	0	0	0	0	0	0	0	0	1	0	0	0	0	0	0	0	0	0	0	0	0	0	0	0	0	0	0	0
0	0	0	0	0	0	0	0	0	0	0	0	0	0	0	0	0	0	0	0	0	0	0	0	0	0	0	0	0	0	0	0	0	0	0	0	0	0	0	0	0	0	0	0	0	0	0	0	0	0	0	0	0	0	0	0	0	0	0	0	0	0	0	0	0	0	0	0	0	0	0	0	0	0	0	0	0	0	0	0
1	0	1	0	0	0	0	0	0	0	1	0	0	1	0	0	1	0	0	0	0	0	0	0	0	0	0	0	0	0	0	0	0	0	0	0	0	0	0	0	0	0	0	0	0	0	0	0	0	0	0	0	0	0	0	0	0	0	0	0	0	0	0	0	0	0	0	0	0	0	0	0	0	0	0	0	0	0	0	0
0	0	0	0	0	0	0	0	0	0	1	0	0	1	0	0	0	0	0	0	0	0	0	0	0	0	0	0	0	0	0	0	0	0	0	0	0	0	0	0	0	0	0	0	0	0	0	0	0	0	0	0	0	0	0	0	0	0	0	0	0	0	0	0	0	0	0	0	0	0	0	0	0	0	0	0	0	0	0	0
1	1	1	1	0	0	0	0	0	1	1	0	0	1	0	0	1	0	0	0	0	0	0	0	0	0	0	0	0	0	0	0	0	0	0	0	0	0	0	0	0	0	0	0	0	0	0	0	0	0	0	0	0	0	0	0	0	0	0	0	0	0	0	0	0	0	0	0	0	0	0	0	0	0	0	0	0	0	0	0
0	0	0	0	0	0	0	0	0	0	1	0	0	0	0	0	0	0	0	0	0	0	0	0	0	0	0	0	0	0	0	0	0	0	0	0	0	0	0	0	0	0	0	0	0	0	0	0	0	0	0	0	0	0	0	0	0	0	0	0	0	0	0	0	0	0	0	0	0	0	0	0	0	0	0	0	0	0	0	0
1	0	0	0	0	0	0	0	0	1	1	0	0	0	0	0	1	0	0	0	0	0	0	0	0	0	0	0	0	0	0	0	0	0	0	0	0	0	0	0	0	0	0	0	0	0	0	0	0	0	0	0	0	0	0	0	0	0	0	0	0	0	0	0	0	0	0	0	0	0	0	0	0	0	0	0	0	0	0	0
0	0	0	0	0	0	0	0	0	0	0	0	0	0	0	0	0	0	0	0	0	0	0	0	0	0	0	0	0	0	0	0	0	0	0	0	0	0	0	0	0	0	0	0	0	0	0	0	0	0	0	0	0	0	0	0	0	0	0	0	0	0	0	0	0	0	0	0	0	0	0	0	0	0	0	0	0	0	0	0
1	0	0	0	0	0	1	0	0	0	1	0	0	0	0	0	0	0	0	0	0	0	0	0	0	0	0	0	0	0	0	0	0	0	0	0	0	0	0	0	0	0	0	0	0	0	0	0	0	0	0	0	0	0	0	0	0	0	0	0	0	0	0	0	0	0	0	0	0	0	0	0	0	0	0	0	0	0	0	0
0	0	0	0	0	0	1	0	0	0	0	0	0	0	0	0	0	0	0	0	0	0	0	0	0	0	0	0	0	0	0	0	0	0	0	0	0	0	0	0	0	0	0	0	0	0	0	0	0	0	0	0	0	0	0	0	0	0	0	0	0	0	0	0	0	0	0	0	0	0	0	0	0	0	0	0	0	0	0	0
];
t=[
15.94	14.90	10.00	12.26	34.94	31.53	39.78	33.61	36.44	27.99	34.03	34.42	37.85	31.59	31.39	27.95	31.20	27.89	24.61	36.94	28.71	36.19	24.96	37.94	34.07	20.99	49.13	31.30	20.31	21.14	35.16	24.86	33.18	12.47	22.12	46.70	25.60	39.43	19.73	63.30	86.08	90.49	78.70	74.68	67.73	74.19	87.98	61.91	80.42	120.88	111.97	43.81	48.10	50.13	44.22	43.69	70.22	77.07	62.52	27.11	30.91	42.36	36.36	39.31	52.88	41.61	31.59	35.15	15.67	28.34	37.88	47.52	23.59	18.50	30.43	31.24	48.48	38.41	29.04	17.68	49.68	47.81	41.39	32.83	32.40	36.33	28.49	37.28	35.66	25.56	23.00	24.75	41.48	19.12
15.94	4.22	5.96	8.60	19.83	17.27	23.86	18.31	21.06	14.11	18.54	18.89	22.15	15.65	15.67	12.31	16.03	12.81	9.74	21.03	12.78	22.46	9.11	22.96	18.36	5.06	33.59	15.82	5.90	8.82	20.40	11.47	32.44	16.19	36.98	40.31	16.53	41.37	24.20	48.03	70.73	79.74	65.61	63.62	55.54	62.03	75.44	49.20	66.29	108.37	99.56	28.82	32.69	35.60	29.80	31.81	54.29	61.26	47.23	31.24	21.41	57.29	24.22	26.56	51.01	38.73	26.22	50.44	28.46	41.03	27.90	37.17	13.11	13.35	18.05	20.32	44.57	29.30	20.39	11.69	39.19	35.01	26.17	17.61	18.98	21.14	13.26	22.51	32.29	14.41	8.22	10.91	27.05	33.39
14.90	4.22	5.60	4.80	20.05	16.70	25.92	18.76	21.60	13.21	19.25	19.66	23.17	17.77	16.81	13.36	16.33	13.03	9.74	23.22	15.02	21.54	10.79	23.04	19.43	7.77	36.30	16.54	5.47	6.62	20.27	10.14	28.30	12.40	34.55	36.95	13.35	37.16	20.13	50.90	73.47	77.73	64.52	61.67	54.01	60.50	74.11	47.88	65.78	107.07	98.21	28.92	33.23	35.31	29.41	30.00	56.12	63.47	47.63	27.07	18.53	54.73	22.43	25.12	47.06	34.82	22.49	48.12	25.52	37.81	25.32	34.83	10.25	9.22	16.27	17.93	48.61	33.52	24.59	15.37	43.33	38.88	29.25	20.83	22.88	24.31	16.60	25.90	36.21	18.62	12.05	14.91	30.54	33.49
10.00	5.96	5.60	6.13	25.21	22.13	29.82	23.79	26.61	18.70	24.15	24.53	27.90	21.61	21.43	18.01	21.42	18.13	14.88	26.99	18.73	27.08	14.96	28.27	24.11	11.01	39.45	21.41	10.61	12.22	25.58	15.69	31.37	12.37	31.18	41.70	18.51	39.50	20.89	53.81	76.55	83.23	70.10	67.20	59.60	66.09	79.70	53.47	71.27	112.66	103.80	34.16	38.27	40.71	34.83	35.58	60.24	67.21	52.76	28.35	23.82	51.51	28.02	30.71	50.71	38.65	26.86	44.57	23.01	35.75	30.70	40.28	15.67	13.00	21.87	23.42	45.84	32.45	23.09	12.36	43.04	39.78	31.90	23.31	23.86	26.84	18.94	28.04	33.12	18.05	13.60	15.83	32.46	28.03
12.26	8.60	4.80	6.13	23.63	19.79	30.42	22.52	25.35	16.22	23.16	23.60	27.20	22.36	21.02	17.62	20.08	16.87	13.66	27.79	19.67	24.16	15.37	26.46	23.54	12.57	41.00	20.52	9.69	9.30	23.59	13.07	25.26	7.63	30.19	35.93	13.49	33.57	15.64	55.62	78.14	78.51	66.44	62.61	55.50	61.96	75.73	49.64	68.29	108.65	99.74	32.23	36.82	38.23	32.32	31.44	60.41	67.94	51.01	22.84	18.85	50.22	24.10	27.08	44.58	32.54	20.94	43.78	20.90	33.06	25.83	35.48	11.33	7.06	18.22	19.00	51.78	37.59	28.43	18.25	47.73	43.57	34.02	25.63	27.55	29.10	21.39	30.70	39.13	22.81	16.73	19.50	35.33	31.37
34.94	19.83	20.05	25.21	23.63	4.58	11.25	1.76	2.07	7.73	2.49	2.64	4.91	9.15	5.47	7.84	3.80	7.08	10.34	10.47	10.34	6.00	11.27	3.15	4.07	15.48	22.52	4.34	14.64	14.38	1.73	10.70	33.87	29.48	53.56	31.98	15.96	43.74	34.05	36.50	57.60	62.69	46.58	46.65	37.57	43.91	56.75	30.88	46.60	89.47	80.78	8.99	13.21	15.88	10.31	16.39	37.67	45.93	27.58	38.41	15.61	73.19	10.97	10.84	47.03	35.68	24.09	67.11	43.84	54.92	17.39	23.35	14.48	21.33	9.36	12.63	54.74	35.96	30.68	28.44	41.38	33.35	19.17	15.57	21.93	16.77	15.24	19.23	44.75	24.55	17.62	19.34	23.06	53.16
31.53	17.27	16.70	22.13	19.79	4.58	15.28	4.59	6.64	3.57	5.78	6.20	9.38	10.96	6.84	7.08	3.56	4.96	7.55	13.96	10.95	5.28	10.00	6.81	7.24	13.69	26.74	5.14	11.58	10.50	3.90	6.72	29.56	25.20	49.39	29.19	11.39	39.45	29.50	40.92	62.16	63.22	48.35	47.09	38.54	44.99	58.25	32.06	49.15	91.15	82.36	12.45	17.22	18.62	12.71	15.61	42.19	50.49	31.22	33.85	11.53	68.86	8.71	9.95	43.59	31.93	19.93	62.91	39.58	50.47	14.63	22.07	9.99	16.90	5.08	8.62	55.72	37.40	31.12	27.18	43.86	36.35	22.62	17.57	23.47	19.49	16.09	21.93	45.04	24.69	17.01	19.30	26.14	50.15
39.78	23.86	25.92	29.82	30.42	11.25	15.28	10.70	9.47	17.30	9.50	9.08	6.65	8.22	9.88	12.96	12.34	14.53	17.17	2.89	11.08	16.89	15.12	11.72	8.15	18.81	11.51	11.06	20.75	22.26	12.85	19.38	44.83	37.42	60.47	42.91	26.31	54.73	43.34	25.98	47.97	68.79	50.32	53.26	43.44	49.30	60.86	36.65	48.26	92.65	84.30	13.52	13.52	19.93	16.75	26.12	30.44	37.55	26.63	48.52	26.75	80.63	22.00	21.16	58.22	46.92	35.20	74.03	51.32	63.25	28.46	33.19	24.03	30.25	20.35	23.79	47.72	28.58	26.00	28.17	31.74	22.97	8.51	9.68	15.63	8.35	12.63	10.37	39.59	21.38	17.72	17.62	12.90	56.17
33.61	18.31	18.76	23.79	22.52	1.76	4.59	10.70	2.84	7.11	1.21	1.61	5.02	7.53	3.72	6.17	2.44	5.72	9.02	9.51	8.59	7.39	9.60	4.83	2.80	13.85	22.16	2.61	13.30	13.39	3.23	9.84	34.14	28.64	52.59	33.10	15.83	44.04	33.58	36.38	57.79	64.44	48.31	48.39	39.33	45.67	58.50	32.64	48.25	91.20	82.52	10.56	14.49	17.55	12.05	17.96	38.32	46.39	28.97	38.24	16.07	72.34	12.15	12.33	47.90	36.38	24.51	66.17	42.96	54.24	18.48	24.85	13.98	20.70	9.66	13.13	53.09	34.38	28.96	26.70	40.07	32.22	18.23	14.06	20.34	15.48	13.53	17.95	43.03	22.81	15.86	17.58	21.94	51.68
36.44	21.06	21.60	26.61	25.35	2.07	6.64	9.47	2.84	9.68	2.59	2.36	2.92	8.80	5.82	8.81	5.28	8.56	11.85	9.06	10.53	7.44	12.20	2.87	3.56	16.49	20.58	5.25	16.14	16.18	3.43	12.57	35.89	31.37	55.38	33.51	18.02	45.74	36.08	34.47	55.53	62.74	46.09	46.79	37.50	43.75	56.36	30.74	45.72	88.96	80.32	7.99	11.67	15.13	9.94	17.31	35.68	43.88	26.17	40.48	17.59	75.08	12.54	11.97	48.75	37.52	26.08	68.95	45.72	56.89	19.00	24.36	16.49	23.31	11.41	14.61	54.22	35.30	30.51	29.05	40.22	31.96	17.64	14.85	21.33	15.65	15.11	18.09	44.58	24.58	18.09	19.52	21.69	54.45
27.99	14.11	13.21	18.70	16.22	7.73	3.57	17.30	7.11	9.68	8.11	8.58	12.12	11.38	7.71	6.21	4.99	3.64	4.70	15.48	10.45	8.40	8.12	10.30	9.19	11.10	28.80	6.26	8.27	6.93	7.41	3.15	27.85	21.77	45.90	29.60	9.05	37.74	26.48	43.24	64.85	65.83	51.54	49.70	41.44	47.92	61.32	35.09	52.58	94.26	85.45	16.01	20.72	22.14	16.23	17.93	45.36	53.50	34.79	31.26	10.78	65.46	10.48	12.50	43.16	31.17	18.67	59.44	36.14	47.21	15.47	23.88	6.88	13.63	4.86	8.31	54.46	36.60	29.65	24.61	43.87	36.93	23.84	17.66	22.98	20.10	15.34	22.45	43.33	23.09	15.11	17.73	26.92	46.69
34.03	18.54	19.25	24.15	23.16	2.49	5.78	9.50	1.21	2.59	8.11	0.47	4.10	6.67	3.26	6.25	3.21	6.29	9.54	8.31	8.06	8.42	9.62	5.15	1.64	13.91	20.98	2.74	13.78	14.14	4.17	10.70	35.33	29.45	53.29	34.26	16.95	45.23	34.57	35.24	56.74	65.02	48.61	49.02	39.84	46.14	58.85	33.11	48.31	91.49	82.83	10.58	14.15	17.70	12.38	18.88	37.48	45.46	28.69	39.33	17.28	73.12	13.27	13.31	49.10	37.59	25.71	66.88	43.73	55.12	19.64	25.83	14.99	21.62	10.86	14.34	52.26	33.47	28.28	26.48	38.97	31.05	17.03	13.08	19.44	14.37	12.84	16.83	42.36	22.23	15.54	17.08	20.77	51.92
34.42	18.89	19.66	24.53	23.60	2.64	6.20	9.08	1.61	2.36	8.58	0.47	3.64	6.64	3.47	6.58	3.67	6.73	9.97	7.97	8.19	8.63	9.93	5.06	1.44	14.23	20.55	3.13	14.19	14.59	4.36	11.16	35.76	29.91	53.74	34.54	17.40	45.65	35.03	34.79	56.28	64.97	48.44	48.98	39.77	46.04	58.70	33.02	48.06	91.31	82.67	10.34	13.80	17.49	12.25	19.01	37.02	44.99	28.34	39.78	17.68	73.57	13.54	13.47	49.44	37.96	26.12	67.32	44.18	55.58	19.92	25.98	15.46	22.09	11.27	14.73	52.21	33.37	28.30	26.69	38.76	30.78	16.70	12.96	19.36	14.14	12.87	16.61	42.38	22.30	15.73	17.20	20.49	52.27
37.85	22.15	23.17	27.90	27.20	4.91	9.38	6.65	5.02	2.92	12.12	4.10	3.64	8.08	6.48	9.89	7.30	10.34	13.54	6.72	10.43	10.25	13.06	5.11	3.79	17.31	17.66	6.67	17.71	18.23	6.35	14.79	38.78	33.55	57.35	36.26	20.75	48.64	38.60	31.59	52.81	63.96	46.61	48.15	38.62	44.75	57.01	31.82	45.66	89.37	80.82	8.42	10.80	15.56	11.13	19.65	33.38	41.39	25.30	43.20	20.50	77.21	15.37	14.54	51.61	40.43	28.99	70.94	47.81	59.21	21.82	26.73	19.00	25.69	14.27	17.52	52.64	33.58	29.45	29.10	37.90	29.42	15.00	13.28	19.79	13.53	14.34	15.90	43.47	23.86	18.09	19.09	19.20	55.45
31.59	15.65	17.77	21.61	22.36	9.15	10.96	8.22	7.53	8.80	11.38	6.67	6.64	8.08	4.13	5.59	7.40	7.88	9.68	5.45	2.88	14.90	6.99	11.65	5.26	10.60	18.75	5.83	12.76	14.76	10.76	12.53	39.13	29.54	52.30	40.15	20.22	48.98	35.95	33.42	55.80	71.55	54.63	55.59	46.30	52.52	64.99	39.53	53.73	97.43	88.86	16.38	18.74	23.57	18.71	25.50	38.63	45.73	33.05	41.64	22.02	72.49	19.43	19.86	54.37	42.50	30.06	65.85	43.25	55.34	25.57	32.37	17.35	22.90	15.67	19.30	45.59	26.85	21.70	21.14	32.90	25.58	12.67	6.63	12.81	8.72	6.33	11.09	35.78	15.86	10.20	11.01	15.53	48.30
31.39	15.67	16.81	21.43	21.02	5.47	6.84	9.88	3.72	5.82	7.71	3.26	3.47	6.48	4.13	3.45	3.28	4.65	7.44	7.81	4.87	10.89	6.59	8.38	2.70	10.87	21.26	1.70	11.39	12.45	6.91	9.52	35.56	27.73	51.21	36.02	16.75	45.45	33.46	35.83	57.81	68.15	51.86	52.11	43.03	49.34	62.10	36.32	51.53	94.74	86.09	13.81	17.12	20.95	15.63	21.55	39.39	47.03	31.67	38.71	18.08	71.21	15.31	15.87	50.35	38.57	26.27	64.80	41.83	53.54	21.43	28.35	14.22	20.38	11.66	15.29	49.47	30.86	25.25	23.23	37.02	29.57	16.15	10.76	16.84	12.68	9.84	15.11	39.31	19.09	12.29	13.88	19.41	48.99
27.95	12.31	13.36	18.01	17.62	7.84	7.08	12.96	6.17	8.81	6.21	6.25	6.58	9.89	5.59	3.45	4.25	2.57	4.22	10.57	4.24	12.09	3.43	10.98	6.11	7.69	24.09	3.57	7.96	9.34	8.83	6.95	33.62	24.46	47.80	35.70	14.72	43.46	30.51	38.74	60.92	70.01	54.37	53.90	45.09	51.49	64.48	38.48	54.41	97.26	88.55	16.71	20.38	23.71	18.13	22.66	42.80	50.36	34.93	36.08	16.98	67.84	15.74	16.96	49.36	37.34	24.74	61.39	38.47	50.29	21.36	29.14	11.77	17.43	10.91	14.47	48.69	30.55	24.05	20.66	37.67	30.85	18.25	11.50	16.81	14.14	9.22	16.41	37.97	17.61	10.07	12.23	20.98	45.69
31.20	16.03	16.33	21.42	20.08	3.80	3.56	12.34	2.44	5.28	4.99	3.21	3.67	7.30	7.40	3.28	4.25	3.30	6.59	10.68	7.60	8.00	7.61	6.93	4.20	11.75	23.85	1.58	10.89	10.97	4.59	7.49	32.61	26.26	50.16	32.75	13.98	42.51	31.38	38.25	59.89	65.79	50.15	49.70	40.85	47.24	60.25	34.23	50.35	93.04	84.32	12.79	16.90	19.64	13.96	18.66	40.68	48.67	31.34	36.25	14.88	69.94	12.13	12.95	47.10	35.36	23.17	63.74	40.56	51.91	18.17	25.33	11.83	18.42	8.44	12.05	52.42	33.96	27.97	24.91	40.30	32.83	19.24	14.02	19.99	15.95	12.73	18.38	41.98	21.64	14.29	16.30	22.64	49.36
27.89	12.81	13.03	18.13	16.87	7.08	4.96	14.53	5.72	8.56	3.64	6.29	6.73	10.34	7.88	4.65	2.57	3.30	3.29	12.41	6.81	10.21	5.04	10.17	6.81	8.81	25.90	3.71	7.58	7.93	7.60	4.87	31.25	23.27	47.01	33.16	12.35	41.11	28.82	40.48	62.43	68.18	53.05	52.05	43.44	49.88	63.04	36.91	53.49	95.90	87.15	16.05	20.20	22.78	17.01	20.55	43.69	51.51	34.64	34.09	14.42	66.88	13.42	14.91	46.79	34.79	22.24	60.60	37.48	49.02	18.87	26.87	9.61	15.74	8.37	11.91	51.10	33.07	26.37	22.24	40.23	33.34	20.48	14.03	19.37	16.56	11.75	18.87	40.20	19.87	12.07	14.48	23.39	46.09
24.61	9.74	9.74	14.88	13.66	10.34	7.55	17.17	9.02	11.85	4.70	9.54	9.97	13.54	9.68	7.44	4.22	6.59	3.29	14.78	7.69	12.78	4.02	13.40	9.89	6.40	28.30	6.87	4.30	5.12	10.72	3.44	30.03	20.30	43.84	33.71	11.29	39.78	26.31	42.96	65.13	70.50	55.90	54.36	46.01	52.48	65.79	39.58	56.57	98.69	89.90	19.28	23.49	25.91	20.08	22.62	46.79	54.47	37.92	31.98	14.52	63.79	15.18	17.15	46.55	34.37	21.60	57.43	34.40	46.12	19.93	28.55	8.00	13.24	9.36	12.48	50.13	32.67	25.28	19.91	40.62	34.33	22.28	14.96	19.48	17.92	11.84	20.06	38.79	18.70	10.63	13.42	24.72	42.88
36.94	21.03	23.22	26.99	27.79	10.47	13.96	2.89	9.51	9.06	15.48	8.31	7.97	6.72	5.45	7.81	10.57	10.68	12.41	14.78	8.28	16.42	12.43	11.72	6.73	15.99	13.53	9.24	18.15	19.91	12.19	17.26	43.28	34.90	57.75	42.45	24.54	53.18	41.08	28.18	50.42	70.29	52.29	54.60	44.93	50.92	62.78	38.12	50.57	94.80	86.38	14.70	15.57	21.52	17.69	26.30	33.29	40.29	29.18	46.49	25.48	77.95	21.44	21.03	57.41	45.87	33.83	71.29	48.69	60.72	27.86	33.37	22.01	27.98	19.02	22.58	46.18	27.06	23.73	25.36	31.21	22.91	8.72	7.27	13.58	6.84	9.82	9.19	37.53	18.80	14.83	14.82	12.63	53.28
28.71	12.78	15.02	18.73	19.67	10.34	10.95	11.08	8.59	10.53	10.45	8.06	8.19	10.43	2.88	4.87	4.24	7.60	6.81	7.69	8.28	15.57	4.36	13.21	7.04	7.72	21.33	6.25	10.20	12.58	11.75	10.90	37.64	26.97	49.50	39.89	18.78	47.43	33.65	35.97	58.46	73.03	56.61	56.99	47.89	54.20	66.89	41.17	56.03	99.48	90.85	18.42	21.22	25.61	20.44	26.24	41.51	48.56	35.65	39.59	21.22	69.72	19.65	20.54	53.59	41.55	28.91	63.03	40.53	52.71	25.47	32.92	15.65	20.70	15.12	18.70	44.83	26.46	20.43	18.69	33.43	26.73	14.73	7.34	12.61	10.24	5.15	12.38	34.47	14.22	7.67	9.02	17.03	45.48
36.19	22.46	21.54	27.08	24.16	6.00	5.28	16.89	7.39	7.44	8.40	8.42	8.63	10.25	14.90	10.89	12.09	8.00	10.21	12.78	16.42	15.57	15.21	5.44	10.05	18.96	27.74	9.34	16.66	15.06	4.27	11.40	29.50	28.75	53.00	26.07	13.41	39.21	31.89	41.15	61.41	57.98	43.16	41.85	33.26	39.72	53.00	26.80	44.25	85.92	77.12	9.16	14.39	14.13	8.27	10.68	40.32	49.05	27.39	35.24	11.24	72.03	5.12	4.98	41.37	30.35	19.54	66.39	43.03	53.25	11.57	17.47	13.33	20.17	6.45	8.40	60.35	41.73	35.97	32.45	47.38	39.32	25.06	21.45	27.70	22.77	20.67	25.23	49.98	29.64	22.14	24.28	29.03	55.02
24.96	9.11	10.79	14.96	15.37	11.27	10.00	15.12	9.60	12.20	8.12	9.62	9.93	13.06	6.99	6.59	3.43	7.61	5.04	4.02	12.43	4.36	15.21	14.41	9.28	4.29	25.67	7.00	5.84	8.40	12.20	7.45	33.92	22.62	45.34	37.59	15.28	43.61	29.33	40.32	62.78	73.19	57.77	57.06	48.37	54.79	67.85	41.79	57.84	100.65	91.93	20.14	23.70	27.14	21.55	25.59	45.41	52.68	38.25	35.38	18.47	65.52	18.40	19.95	50.56	38.38	25.61	58.91	36.26	48.38	23.59	31.85	11.91	16.45	12.97	16.29	46.35	28.69	21.53	17.32	36.62	30.51	19.06	11.25	15.47	14.42	7.85	16.42	35.25	14.97	7.05	9.61	21.12	42.40
37.94	22.96	23.04	28.27	26.46	3.15	6.81	11.72	4.83	2.87	10.30	5.15	5.06	5.11	11.65	8.38	10.98	6.93	10.17	13.40	11.72	13.21	5.44	14.41	6.39	18.63	22.33	7.44	17.68	17.16	2.91	13.41	34.77	32.01	56.19	31.23	17.70	44.54	36.09	35.73	56.22	59.92	43.50	43.95	34.71	40.99	53.72	27.97	43.45	86.39	77.72	5.89	10.42	12.74	7.25	14.58	35.63	44.14	24.60	40.02	16.42	75.66	10.50	9.44	46.74	35.79	24.85	69.72	46.39	57.20	16.91	21.66	16.73	23.67	10.74	13.48	57.10	38.16	33.34	31.52	42.93	34.52	20.11	17.72	24.20	18.42	17.92	20.84	47.42	27.36	20.65	22.23	24.28	56.26
34.07	18.36	19.43	24.11	23.54	4.07	7.24	8.15	2.80	3.56	9.19	1.64	1.44	3.79	5.26	2.70	6.11	4.20	6.81	9.89	6.73	7.04	10.05	9.28	6.39	13.55	19.66	3.11	13.98	14.74	5.78	11.51	36.72	30.07	53.73	35.89	18.17	46.62	35.49	34.05	55.75	66.30	49.59	50.33	41.06	47.32	59.89	34.31	49.03	92.44	83.83	11.39	14.46	18.57	13.50	20.45	36.91	44.70	29.00	40.45	18.77	73.66	14.91	14.91	50.69	39.14	27.16	67.32	44.27	55.83	21.27	27.42	16.00	22.46	12.32	15.85	50.79	31.94	26.96	25.67	37.34	29.42	15.44	11.52	17.93	12.73	11.55	15.20	41.04	21.02	14.67	15.99	19.14	51.68
20.99	5.06	7.77	11.01	12.57	15.48	13.69	18.81	13.85	16.49	11.10	13.91	14.23	17.31	10.60	10.87	7.69	11.75	8.81	6.40	15.99	7.72	18.96	4.29	18.63	13.55	28.70	11.27	4.75	8.34	16.30	9.29	33.96	20.14	41.90	39.59	16.24	43.36	27.57	43.23	65.88	76.85	61.85	60.71	52.23	58.67	71.86	45.72	62.08	104.71	95.96	24.40	27.99	31.37	25.70	29.01	49.23	56.24	42.54	34.16	20.33	62.18	21.58	23.49	51.60	39.31	26.53	55.40	33.15	45.55	26.17	34.94	12.65	15.38	15.70	18.62	44.30	27.58	19.49	13.54	36.55	31.42	21.49	13.06	15.59	16.54	8.86	18.14	32.65	12.97	5.08	8.13	22.80	38.14
49.13	33.59	36.30	39.45	41.00	22.52	26.74	11.51	22.16	20.58	28.80	20.98	20.55	17.66	18.75	21.26	24.09	23.85	25.90	28.30	13.53	21.33	27.74	25.67	22.33	19.66	28.70	22.55	31.49	33.43	24.01	30.77	56.30	48.28	70.57	53.33	37.82	66.20	54.61	14.67	37.18	73.58	53.36	58.97	48.85	53.98	63.85	42.37	49.34	94.01	86.13	21.93	19.18	26.31	25.34	35.73	23.04	28.28	27.24	59.97	38.12	90.87	32.83	31.45	69.05	58.06	46.60	84.02	61.81	74.04	39.22	42.62	35.48	41.52	31.79	35.15	45.72	27.65	28.95	34.90	26.36	16.75	8.11	16.36	19.15	12.96	20.64	12.74	40.50	26.66	26.15	24.87	10.64	63.86
31.30	15.82	16.54	21.41	20.52	4.34	5.14	11.06	2.61	5.25	6.26	2.74	3.13	6.67	5.83	1.70	3.57	1.58	3.71	6.87	9.24	6.25	9.34	7.00	7.44	3.11	11.27	22.55	11.06	11.64	5.55	8.41	34.04	26.97	50.69	34.32	15.31	43.94	32.40	37.04	58.83	66.88	50.91	50.82	41.84	48.20	61.08	35.17	50.85	93.80	85.12	13.14	16.88	20.16	14.65	20.01	39.98	47.81	31.41	37.46	16.43	70.58	13.65	14.32	48.67	36.91	24.67	64.28	41.19	52.72	19.74	26.76	12.97	19.36	9.99	13.62	51.02	32.48	26.67	24.10	38.72	31.25	17.73	12.46	18.48	14.37	11.34	16.80	40.71	20.42	13.30	15.13	21.07	49.21
20.31	5.90	5.47	10.61	9.69	14.64	11.58	20.75	13.30	16.14	8.27	13.78	14.19	17.71	12.76	11.39	7.96	10.89	7.58	4.30	18.15	10.20	16.66	5.84	17.68	13.98	4.75	31.49	11.06	3.62	14.96	5.57	29.23	16.79	39.84	35.18	11.60	38.69	23.57	46.15	68.56	73.85	59.81	57.73	49.66	56.14	69.59	43.34	60.72	102.53	93.71	23.56	27.79	30.11	24.24	25.91	50.77	58.26	42.22	29.84	16.01	59.91	18.33	20.67	46.88	34.59	21.82	53.43	30.58	42.58	22.23	31.37	8.01	10.91	12.18	14.63	48.88	32.33	24.15	17.09	41.20	35.76	24.86	16.82	20.14	20.14	12.96	22.01	37.02	17.67	9.82	12.88	26.71	38.64
21.14	8.82	6.62	12.22	9.30	14.38	10.50	22.26	13.39	16.18	6.93	14.14	14.59	18.23	14.76	12.45	9.34	10.97	7.93	5.12	19.91	12.58	15.06	8.40	17.16	14.74	8.34	33.43	11.64	3.62	14.29	3.77	25.78	15.33	39.20	31.68	8.00	35.35	21.19	48.08	70.23	71.22	57.91	55.14	47.40	53.89	67.48	41.26	59.31	100.45	91.58	22.93	27.55	29.02	23.10	23.41	51.60	59.44	41.71	27.01	12.61	58.98	15.83	18.50	43.27	30.98	18.21	52.78	29.59	41.10	19.10	28.45	4.43	8.14	9.65	11.55	52.48	35.90	27.76	20.40	44.61	38.86	27.29	19.65	23.47	22.79	16.07	24.82	40.57	21.28	13.39	16.43	29.51	39.99
35.16	20.40	20.27	25.58	23.59	1.73	3.90	12.85	3.23	3.43	7.41	4.17	4.36	6.35	10.76	6.91	8.83	4.59	7.60	10.72	12.19	11.75	4.27	12.20	2.91	5.78	16.30	24.01	5.55	14.96	14.29	10.52	32.53	29.11	53.29	30.27	14.99	42.37	33.29	37.83	58.69	61.33	45.57	45.26	36.31	42.68	55.66	29.66	45.89	88.45	79.73	8.66	13.33	15.20	9.42	14.74	38.39	46.80	27.43	37.39	14.20	72.76	9.26	9.14	45.38	34.10	22.69	66.81	43.49	54.34	15.69	21.66	13.86	20.79	8.15	11.22	56.33	37.60	32.16	29.49	43.11	35.07	20.87	17.25	23.57	18.49	16.75	20.96	46.22	25.96	18.81	20.68	24.78	53.60
24.86	11.47	10.14	15.69	13.07	10.70	6.72	19.38	9.84	12.57	3.15	10.70	11.16	14.79	12.53	9.52	6.95	7.49	4.87	3.44	17.26	10.90	11.40	7.45	13.41	11.51	9.29	30.77	8.41	5.57	3.77	10.52	26.75	18.81	42.86	30.41	7.91	36.55	23.99	45.35	67.24	68.28	54.44	52.16	44.14	50.63	64.13	37.88	55.64	97.08	88.24	19.16	23.81	25.27	19.35	20.34	48.16	56.15	37.94	29.23	11.16	62.52	12.75	15.15	43.11	30.93	18.18	56.41	33.15	44.42	16.90	25.86	4.82	10.95	6.62	9.33	53.42	36.08	28.56	22.50	44.03	37.63	25.20	18.23	22.91	21.05	15.25	23.26	41.92	21.98	13.89	16.76	27.88	43.62
33.18	32.44	28.30	31.37	25.26	33.87	29.56	44.83	34.14	35.89	27.85	35.33	35.76	38.78	39.13	35.56	33.62	32.61	31.25	30.03	43.28	37.64	29.50	33.92	34.77	36.72	33.96	56.30	34.04	29.23	25.78	32.53	26.75	20.79	36.20	17.56	18.91	9.91	14.37	70.35	90.90	63.80	58.47	49.70	46.25	51.85	65.41	42.79	63.56	96.70	87.83	38.14	43.32	40.27	35.91	27.58	69.39	78.35	53.72	10.22	18.35	50.39	25.10	27.85	19.72	8.99	9.96	47.04	27.40	31.28	20.28	25.96	22.03	19.09	24.52	21.32	76.87	61.44	52.80	43.41	70.39	64.36	51.68	44.97	49.25	47.76	41.75	50.01	64.33	46.58	39.03	42.09	54.60	49.71
12.47	16.19	12.40	12.37	7.63	29.48	25.20	37.42	28.64	31.37	21.77	29.45	29.91	33.55	29.54	27.73	24.46	26.26	23.27	20.30	34.90	26.97	28.75	22.62	32.01	30.07	20.14	48.28	26.97	16.79	15.33	29.11	18.81	20.79	24.26	34.56	15.96	27.78	8.55	62.94	85.32	79.31	69.14	63.79	57.64	63.98	77.88	52.31	71.89	110.55	101.61	37.50	42.42	42.82	37.02	34.07	66.93	74.75	56.12	16.09	20.73	43.71	27.42	30.65	40.51	29.14	19.59	37.72	14.38	25.83	27.38	36.78	15.44	8.62	22.36	21.93	57.93	44.76	35.44	24.66	55.15	51.19	41.50	33.19	35.16	36.64	28.99	38.29	45.11	30.15	24.36	27.10	42.93	30.38
22.12	36.98	34.55	31.18	30.19	53.56	49.39	60.47	52.59	55.38	45.90	53.29	53.74	57.35	52.30	51.21	47.80	50.16	47.01	43.84	57.75	49.50	53.00	45.34	56.19	53.73	41.90	70.57	50.69	39.84	39.20	53.29	42.86	36.20	24.26	53.51	39.97	36.84	23.38	84.98	107.71	99.79	92.09	85.12	80.19	86.30	100.16	75.43	95.54	132.25	123.32	61.75	66.61	67.03	61.26	57.53	90.60	98.02	80.37	26.16	44.25	20.34	51.38	54.65	52.84	44.98	40.56	13.59	10.06	10.17	50.33	59.06	39.70	32.83	46.58	45.87	67.16	59.91	50.73	39.55	71.34	69.91	63.08	54.48	54.49	58.02	50.12	59.15	54.93	47.66	44.73	46.72	63.47	21.79
46.70	40.31	36.95	41.70	35.93	31.98	29.19	42.91	33.10	33.51	29.60	34.26	34.54	36.26	40.15	36.02	35.70	32.75	33.16	33.71	42.45	39.89	26.07	37.59	31.23	35.89	39.59	53.33	34.32	35.18	31.68	30.27	30.41	17.56	34.56	53.51	23.77	22.38	30.64	65.65	83.62	46.29	41.86	32.21	29.69	34.82	48.11	27.49	47.91	79.14	70.28	31.86	36.18	30.78	28.67	18.08	60.71	70.05	42.53	27.77	19.26	67.82	21.01	21.89	16.37	10.22	15.13	64.60	44.28	48.82	14.63	12.54	27.26	28.88	24.79	21.31	83.82	66.20	58.97	51.99	73.04	65.31	51.13	46.76	52.50	48.56	44.91	51.02	72.19	52.38	44.30	47.13	55.02	64.89
25.60	16.53	13.35	18.51	13.49	15.96	11.39	26.31	15.83	18.02	9.05	16.95	17.40	20.75	20.22	16.75	14.72	13.98	12.35	11.29	24.54	18.78	13.41	15.28	17.70	18.17	16.24	37.82	15.31	11.60	8.00	14.99	7.91	18.91	15.96	39.97	23.77	28.76	18.50	52.19	73.55	65.02	53.43	49.12	42.20	48.64	62.47	36.58	55.93	95.33	86.40	22.53	27.70	27.14	21.51	18.29	53.33	61.79	40.68	22.46	5.36	58.69	11.46	14.71	35.42	23.17	10.37	53.21	29.93	39.84	12.34	21.99	3.59	7.46	7.04	5.97	60.48	43.67	35.72	28.22	51.91	45.52	32.81	26.12	30.75	28.86	23.13	31.12	48.56	29.20	21.21	24.21	35.70	44.70
39.43	41.37	37.16	39.50	33.57	43.74	39.45	54.73	44.04	45.74	37.74	45.23	45.65	48.64	48.98	45.45	43.46	42.51	41.11	39.78	53.18	47.43	39.21	43.61	44.54	46.62	43.36	66.20	43.94	38.69	35.35	42.37	36.55	9.91	27.78	36.84	22.38	28.76	19.70	80.20	100.54	66.53	64.23	53.87	52.07	57.08	70.07	49.59	70.21	100.02	91.31	47.65	52.77	49.22	45.24	36.20	78.75	87.81	62.38	12.48	28.17	47.28	34.63	37.20	16.06	12.19	19.70	45.40	29.91	29.52	29.31	33.31	31.79	28.13	34.41	31.15	85.33	70.62	61.75	51.80	79.90	74.10	61.57	54.74	58.81	57.59	51.40	59.81	72.61	55.71	48.40	51.44	64.43	53.78
19.73	24.20	20.13	20.89	15.64	34.05	29.50	43.34	33.58	36.08	26.48	34.57	35.03	38.60	35.95	33.46	30.51	31.38	28.82	26.31	41.08	33.65	31.89	29.33	36.09	35.49	27.57	54.61	32.40	23.57	21.19	33.29	23.99	14.37	8.55	23.38	30.64	18.50	19.70	69.25	91.23	76.70	68.80	61.80	56.84	62.92	76.78	52.23	72.59	108.92	99.99	41.03	46.20	45.31	39.86	34.66	71.68	79.96	58.97	7.59	21.75	40.61	29.24	32.52	33.64	23.32	17.18	35.77	13.70	21.47	27.26	35.72	19.60	13.09	25.53	23.89	66.45	53.17	43.91	33.20	63.37	58.96	48.38	40.38	43.00	43.70	36.37	45.55	53.62	38.44	32.17	35.04	50.25	35.35
63.30	48.03	50.90	53.81	55.62	36.50	40.92	25.98	36.38	34.47	43.24	35.24	34.79	31.59	33.42	35.83	38.74	38.25	40.48	42.96	28.18	35.97	41.15	40.32	35.73	34.05	43.23	14.67	37.04	46.15	48.08	37.83	45.35	70.35	62.94	84.98	65.65	52.19	80.20	69.25	22.79	78.49	57.01	65.50	55.53	59.53	66.90	49.83	50.88	94.07	86.99	33.81	29.62	36.02	36.99	47.60	16.58	16.87	31.12	74.49	52.03	105.31	46.06	44.17	81.79	71.39	60.51	98.35	76.38	88.68	52.23	54.03	50.00	56.16	45.86	49.05	50.73	35.77	40.09	48.00	29.53	21.73	21.92	30.51	31.79	26.98	34.87	26.09	48.99	39.43	40.31	38.66	22.36	76.96
86.08	70.73	73.47	76.55	78.14	57.60	62.16	47.97	57.79	55.53	64.85	56.74	56.28	52.81	55.80	57.81	60.92	59.89	62.43	65.13	50.42	58.46	61.41	62.78	56.22	55.75	65.88	37.18	58.83	68.56	70.23	58.69	67.24	90.90	85.32	107.71	83.62	73.55	100.54	91.23	22.79	85.52	63.99	75.67	66.71	68.86	72.08	62.55	55.70	92.97	87.47	52.94	47.96	52.85	55.61	65.75	23.33	14.13	42.91	96.00	72.62	128.03	65.92	63.49	99.99	90.71	80.94	121.11	98.98	111.14	71.58	71.27	71.72	78.17	66.84	69.70	68.22	56.48	62.11	70.64	47.77	42.36	44.70	53.28	54.44	49.76	57.63	48.87	69.24	62.03	63.09	61.44	45.01	99.50
90.49	79.74	77.73	83.23	78.51	62.69	63.22	68.79	64.44	62.74	65.83	65.02	64.97	63.96	71.55	68.15	70.01	65.79	68.18	70.50	70.29	73.03	57.98	73.19	59.92	66.30	76.85	73.58	66.88	73.85	71.22	61.33	68.28	63.80	79.31	99.79	46.29	65.02	66.53	76.70	78.49	85.52	21.77	16.14	25.37	19.63	14.17	32.18	29.87	33.62	25.20	55.62	55.56	48.85	52.89	47.94	64.58	72.13	47.51	74.01	59.67	113.57	55.53	53.36	52.59	55.53	59.98	110.77	90.40	94.90	52.68	43.03	67.58	71.99	61.70	59.81	116.46	97.32	93.25	90.38	99.55	90.06	76.58	77.24	83.75	77.02	77.84	79.16	107.33	87.24	80.07	82.01	81.13	109.46
78.70	65.61	64.52	70.10	66.44	46.58	48.35	50.32	48.31	46.09	51.54	48.61	48.44	46.61	54.63	51.86	54.37	50.15	53.05	55.90	52.29	56.61	43.16	57.77	43.50	49.59	61.85	53.36	50.91	59.81	57.91	45.57	54.44	58.47	69.14	92.09	41.86	53.43	64.23	68.80	57.01	63.99	21.77	14.20	12.23	7.83	10.57	16.85	9.22	42.89	34.24	38.25	36.81	31.06	36.27	35.14	42.81	50.43	26.43	68.25	48.42	108.60	42.34	39.44	54.12	52.08	51.69	104.47	82.14	89.28	41.87	33.11	55.11	60.87	48.34	47.56	97.82	78.76	75.95	75.01	79.67	70.08	57.41	59.52	65.86	58.67	60.94	60.57	89.82	70.47	64.15	65.57	61.86	97.78
74.68	63.62	61.67	67.20	62.61	46.65	47.09	53.26	48.39	46.79	49.70	49.02	48.98	48.15	55.59	52.11	53.90	49.70	52.05	54.36	54.60	56.99	41.85	57.06	43.95	50.33	60.71	58.97	50.82	57.73	55.14	45.26	52.16	49.70	63.79	85.12	32.21	49.12	53.87	61.80	65.50	75.67	16.14	14.20	10.14	7.02	16.33	16.69	23.25	47.13	38.22	39.90	40.34	33.40	37.03	31.81	53.25	61.71	34.49	59.87	43.78	100.03	39.41	37.22	41.89	42.12	44.78	96.67	75.48	80.98	36.80	27.16	51.57	56.22	45.58	43.79	100.76	81.66	77.28	74.24	84.49	75.12	61.29	61.42	67.94	61.39	61.85	63.59	91.36	71.20	63.97	65.95	65.84	93.72
67.73	55.54	54.01	59.60	55.50	37.57	38.54	43.44	39.33	37.50	41.44	39.84	39.77	38.62	46.30	43.03	45.09	40.85	43.44	46.01	44.93	47.89	33.26	48.37	34.71	41.06	52.23	48.85	41.84	49.66	47.40	36.31	44.14	46.25	57.64	80.19	29.69	42.20	52.07	56.84	55.53	66.71	25.37	12.23	10.14	6.49	20.27	6.81	18.78	53.15	44.25	30.26	30.34	23.52	27.60	24.07	43.87	52.63	24.70	56.06	37.02	96.44	31.58	28.99	42.65	39.90	39.67	92.41	70.29	77.13	30.25	21.13	44.21	49.57	37.74	36.49	91.09	71.96	67.98	65.68	74.47	65.06	51.34	51.89	58.39	51.66	52.61	53.81	82.04	62.07	55.12	56.91	55.90	86.86
74.19	62.03	60.50	66.09	61.96	43.91	44.99	49.30	45.67	43.75	47.92	46.14	46.04	44.75	52.52	49.34	51.49	47.24	49.88	52.48	50.92	54.20	39.72	54.79	40.99	47.32	58.67	53.98	48.20	56.14	53.89	42.68	50.63	51.85	63.98	86.30	34.82	48.64	57.08	62.92	59.53	68.86	19.63	7.83	7.02	6.49	13.91	13.03	16.46	46.69	37.78	36.34	35.98	29.40	33.82	30.55	46.67	54.96	28.42	61.81	43.43	102.19	38.07	35.48	46.45	45.01	45.74	98.36	76.45	82.94	36.60	27.31	50.69	55.98	44.23	42.96	97.02	77.87	74.17	72.10	79.92	70.43	56.99	57.98	64.45	57.58	58.85	59.67	88.21	68.34	61.49	63.22	61.53	93.31
87.98	75.44	74.11	79.70	75.73	56.75	58.25	60.86	58.50	56.36	61.32	58.85	58.70	57.01	64.99	62.10	64.48	60.25	63.04	65.79	62.78	66.89	53.00	67.85	53.72	59.89	71.86	63.85	61.08	69.59	67.48	55.66	64.13	65.41	77.88	100.16	48.11	62.47	70.07	76.78	66.90	72.08	14.17	10.57	16.33	20.27	13.91	26.25	16.51	32.96	24.12	48.61	47.34	41.45	46.47	44.29	52.06	59.02	36.78	75.46	57.29	115.80	51.73	49.00	58.19	58.18	59.61	112.12	90.34	96.61	50.50	41.21	64.42	69.83	57.84	56.73	108.38	89.32	86.40	85.15	90.18	80.59	67.97	70.00	76.36	69.21	71.31	71.12	100.31	80.84	74.36	75.88	72.43	107.10
61.91	49.20	47.88	53.47	49.64	30.88	32.06	36.65	32.64	30.74	35.09	33.11	33.02	31.82	39.53	36.32	38.48	34.23	36.91	39.58	38.12	41.17	26.80	41.79	27.97	34.31	45.72	42.37	35.17	43.34	41.26	29.66	37.88	42.79	52.31	75.43	27.49	36.58	49.59	52.23	49.83	62.55	32.18	16.85	16.69	6.81	13.03	26.25	20.77	59.20	50.37	23.45	23.64	16.74	20.82	18.29	39.35	48.42	19.75	52.20	31.58	92.39	25.56	22.76	42.12	37.45	35.26	87.99	65.43	73.03	25.11	16.87	38.31	44.02	31.63	30.72	84.29	65.15	61.20	59.11	67.79	58.43	44.61	45.09	51.58	44.86	45.85	47.01	75.25	55.32	48.47	50.19	49.16	81.00
80.42	66.29	65.78	71.27	68.29	46.60	49.15	48.26	48.25	45.72	52.58	48.31	48.06	45.66	53.73	51.53	54.41	50.35	53.49	56.57	50.57	56.03	44.25	57.84	43.45	49.03	62.08	49.34	50.85	60.72	59.31	45.89	55.64	63.56	71.89	95.54	47.91	55.93	70.21	72.59	50.88	55.70	29.87	9.22	23.25	18.78	16.46	16.51	20.77	44.72	36.81	37.73	35.09	30.72	36.49	38.01	35.64	42.52	22.19	72.91	51.32	112.97	44.50	41.34	61.43	58.02	55.83	108.35	85.49	93.62	45.33	37.62	57.08	63.36	50.08	49.96	94.76	75.98	74.25	74.70	75.62	66.04	54.45	57.83	63.87	56.46	59.86	58.09	87.76	69.26	63.70	64.72	58.71	99.26
120.88	108.37	107.07	112.66	108.65	89.47	91.15	92.65	91.20	88.96	94.26	91.49	91.31	89.37	97.43	94.74	97.26	93.04	95.90	98.69	94.80	99.48	85.92	100.65	86.39	92.44	104.71	94.01	93.80	102.53	100.45	88.45	97.08	96.70	110.55	132.25	79.14	95.33	100.02	108.92	94.07	92.97	33.62	42.89	47.13	53.15	46.69	32.96	59.20	44.72	8.95	81.08	79.24	73.88	79.16	77.22	77.78	82.32	66.91	106.90	90.10	146.85	84.68	81.96	86.20	88.75	91.85	143.73	122.59	127.96	83.23	73.77	97.36	102.65	90.80	89.64	139.48	120.66	118.53	117.90	120.21	110.66	99.14	102.07	108.28	100.94	103.71	102.67	132.24	113.22	107.03	108.40	103.43	140.00
111.97	99.56	98.21	103.80	99.74	80.78	82.36	84.30	82.52	80.32	85.45	82.83	82.67	80.82	88.86	86.09	88.55	84.32	87.15	89.90	86.38	90.85	77.12	91.93	77.72	83.83	95.96	86.13	85.12	93.71	91.58	79.73	88.24	87.83	101.61	123.32	70.28	86.40	91.31	99.99	86.99	87.47	25.20	34.24	38.22	44.25	37.78	24.12	50.37	36.81	8.95	72.48	70.83	65.29	70.48	68.32	70.93	76.12	58.92	98.03	81.17	138.03	75.80	73.11	77.73	79.95	82.90	134.85	113.65	119.10	74.29	64.83	88.46	93.71	81.94	80.73	131.40	112.48	110.09	109.21	112.43	102.84	90.98	93.64	99.90	92.62	95.16	94.41	123.87	104.68	98.37	99.81	95.33	131.09
43.81	28.82	28.92	34.16	32.23	8.99	12.45	13.52	10.56	7.99	16.01	10.58	10.34	8.42	16.38	13.81	16.71	12.79	16.05	19.28	14.70	18.42	9.16	20.14	5.89	11.39	24.40	21.93	13.14	23.56	22.93	8.66	19.16	38.14	37.50	61.75	31.86	22.53	47.65	41.03	33.81	52.94	55.62	38.25	39.90	30.26	36.34	48.61	23.45	37.73	81.08	72.48	5.25	7.20	3.43	13.91	31.31	40.21	18.78	44.35	20.20	81.01	13.05	10.57	47.98	37.89	28.21	75.22	51.86	62.34	18.68	20.70	22.09	29.02	15.51	17.49	60.87	41.76	37.88	37.02	45.22	36.24	21.89	21.64	28.13	21.50	22.70	23.74	51.88	32.23	26.04	27.33	26.38	62.14
48.10	32.69	33.23	38.27	36.82	13.21	17.22	13.52	14.49	11.67	20.72	14.15	13.80	10.80	18.74	17.12	20.38	16.90	20.20	23.49	15.57	21.22	14.39	23.70	10.42	14.46	27.99	19.18	16.88	27.79	27.55	13.33	23.81	43.32	42.42	66.61	36.18	27.70	52.77	46.20	29.62	47.96	55.56	36.81	40.34	30.34	35.98	47.34	23.64	35.09	79.24	70.83	5.25	7.14	7.66	18.10	26.09	35.04	14.55	49.60	25.45	86.03	18.23	15.58	52.47	42.76	33.40	80.13	56.80	67.45	23.63	24.41	27.07	34.02	20.66	22.74	61.16	42.04	39.30	39.86	44.15	34.81	21.03	22.84	29.08	21.86	24.78	23.81	53.05	34.17	28.87	29.68	25.58	66.07
50.13	35.60	35.31	40.71	38.23	15.88	18.62	19.93	17.55	15.13	22.14	17.70	17.49	15.56	23.57	20.95	23.71	19.64	22.78	25.91	21.52	25.61	14.13	27.14	12.74	18.57	31.37	26.31	20.16	30.11	29.02	15.20	25.27	40.27	42.82	67.03	30.78	27.14	49.22	45.31	36.02	52.85	48.85	31.06	33.40	23.52	29.40	41.45	16.74	30.72	73.88	65.29	7.20	7.14	5.92	13.16	30.01	39.31	13.70	47.67	23.66	85.79	16.10	12.88	47.15	38.39	30.67	80.34	57.02	66.78	20.01	18.46	27.45	34.20	20.46	21.43	67.62	48.48	44.98	44.17	51.15	41.88	27.89	28.64	35.08	28.18	29.88	30.30	58.94	39.41	33.21	34.53	32.45	68.75
44.22	29.80	29.41	34.83	32.32	10.31	12.71	16.75	12.05	9.94	16.23	12.38	12.25	11.13	18.71	15.63	18.13	13.96	17.01	20.08	17.69	20.44	8.27	21.55	7.25	13.50	25.70	25.34	14.65	24.24	23.10	9.42	19.35	35.91	37.02	61.26	28.67	21.51	45.24	39.86	36.99	55.61	52.89	36.27	37.03	27.60	33.82	46.47	20.82	36.49	79.16	70.48	3.43	7.66	5.92	10.63	33.52	42.59	19.17	42.67	18.47	80.19	10.99	8.06	44.88	35.10	26.06	74.63	51.28	61.30	16.00	17.31	21.61	28.43	14.68	16.00	63.76	44.69	40.39	38.75	48.50	39.59	25.19	24.40	30.91	24.53	25.03	26.83	54.45	34.52	27.89	29.45	29.65	62.86
43.69	31.81	30.00	35.58	31.44	16.39	15.61	26.12	17.96	17.31	17.93	18.88	19.01	19.65	25.50	21.55	22.66	18.66	20.55	22.62	26.30	26.24	10.68	25.59	14.58	20.45	29.01	35.73	20.01	25.91	23.41	14.74	20.34	27.58	34.07	57.53	18.08	18.29	36.20	34.66	47.60	65.75	47.94	35.14	31.81	24.07	30.55	44.29	18.29	38.01	77.22	68.32	13.91	18.10	13.16	10.63	43.12	52.39	26.21	35.79	13.37	75.21	7.60	5.71	34.38	25.22	18.47	70.38	47.48	55.92	7.56	7.08	20.14	25.73	13.79	12.45	71.02	52.34	46.63	42.54	57.51	49.05	34.60	31.97	38.30	32.96	31.35	35.40	60.61	40.26	32.62	34.89	38.85	62.81
70.22	54.29	56.12	60.24	60.41	37.67	42.19	30.44	38.32	35.68	45.36	37.48	37.02	33.38	38.63	39.39	42.80	40.68	43.69	46.79	33.29	41.51	40.32	45.41	35.63	36.91	49.23	23.04	39.98	50.77	51.60	38.39	48.16	69.39	66.93	90.60	60.71	53.33	78.75	71.68	16.58	23.33	64.58	42.81	53.25	43.87	46.67	52.06	39.35	35.64	77.78	70.93	31.31	26.09	30.01	33.52	43.12	9.36	19.62	75.55	51.50	110.57	44.31	41.57	77.06	68.32	59.49	104.19	81.17	92.56	49.47	48.24	52.15	58.98	46.34	48.72	66.29	49.72	51.96	57.51	45.32	36.59	31.01	38.51	42.14	35.44	42.44	35.66	62.90	49.54	47.85	47.14	33.55	86.23
77.07	61.26	63.47	67.21	67.94	45.93	50.49	37.55	46.39	43.88	53.50	45.46	44.99	41.39	45.73	47.03	50.36	48.67	51.51	54.47	40.29	48.56	49.05	52.68	44.14	44.70	56.24	28.28	47.81	58.26	59.44	46.80	56.15	78.35	74.75	98.02	70.05	61.79	87.81	79.96	16.87	14.13	72.13	50.43	61.71	52.63	54.96	59.02	48.42	42.52	82.32	76.12	40.21	35.04	39.31	42.59	52.39	9.36	28.80	84.16	60.28	118.17	53.25	50.61	86.40	77.54	68.41	111.58	88.83	100.53	58.59	57.59	60.36	67.08	54.88	57.45	67.43	52.56	56.28	63.15	46.23	38.60	36.38	44.56	47.18	41.22	48.75	40.95	65.80	54.81	54.26	53.14	37.98	92.14
62.52	47.23	47.63	52.76	51.01	27.58	31.22	26.63	28.97	26.17	34.79	28.69	28.34	25.30	33.05	31.67	34.93	31.34	34.64	37.92	29.18	35.65	27.39	38.25	24.60	29.00	42.54	27.24	31.41	42.22	41.71	27.43	37.94	53.72	56.12	80.37	42.53	40.68	62.38	58.97	31.12	42.91	47.51	26.43	34.49	24.70	28.42	36.78	19.75	22.19	66.91	58.92	18.78	14.55	13.70	19.17	26.21	19.62	28.80	61.36	37.36	99.36	29.80	26.58	58.64	51.09	44.27	93.78	70.42	80.43	33.46	30.01	40.68	47.55	33.83	35.08	72.57	53.83	52.54	54.18	53.59	43.99	32.31	36.31	42.08	34.61	38.84	36.10	65.81	47.97	43.24	43.82	36.53	80.61
27.11	31.24	27.07	28.35	22.84	38.41	33.85	48.52	38.24	40.48	31.26	39.33	39.78	43.20	41.64	38.71	36.08	36.25	34.09	31.98	46.49	39.59	35.24	35.38	40.02	40.45	34.16	59.97	37.46	29.84	27.01	37.39	29.23	10.22	16.09	26.16	27.77	22.46	12.48	7.59	74.49	96.00	74.01	68.25	59.87	56.06	61.81	75.46	52.20	72.91	106.90	98.03	44.35	49.60	47.67	42.67	35.79	75.55	84.16	61.36	24.21	40.38	31.71	34.83	27.50	18.82	17.32	36.83	17.97	21.14	28.23	35.34	24.50	18.95	29.28	26.86	74.02	60.43	51.25	40.69	70.40	65.56	54.26	46.60	49.74	49.79	42.79	51.79	61.19	45.61	38.96	41.92	56.49	41.45
30.91	21.41	18.53	23.82	18.85	15.61	11.53	26.75	16.07	17.59	10.78	17.28	17.68	20.50	22.02	18.08	16.98	14.88	14.42	14.52	25.48	21.22	11.24	18.47	16.42	18.77	20.33	38.12	16.43	16.01	12.61	14.20	11.16	18.35	20.73	44.25	19.26	5.36	28.17	21.75	52.03	72.62	59.67	48.42	43.78	37.02	43.43	57.29	31.58	51.32	90.10	81.17	20.20	25.45	23.66	18.47	13.37	51.50	60.28	37.36	24.21	62.35	7.56	10.80	32.39	20.49	8.49	57.24	34.19	43.21	6.99	16.64	8.33	12.55	6.46	2.98	64.57	47.16	39.72	33.01	54.65	47.60	34.12	28.42	33.71	30.73	26.04	33.11	52.96	33.14	25.06	27.92	37.48	49.99
42.36	57.29	54.73	51.51	50.22	73.19	68.86	80.63	72.34	75.08	65.46	73.12	73.57	77.21	72.49	71.21	67.84	69.94	66.88	63.79	77.95	69.72	72.03	65.52	75.66	73.66	62.18	90.87	70.58	59.91	58.98	72.76	62.52	50.39	43.71	20.34	67.82	58.69	47.28	40.61	105.31	128.03	113.57	108.60	100.03	96.44	102.19	115.80	92.39	112.97	146.85	138.03	81.01	86.03	85.79	80.19	75.21	110.57	118.17	99.36	40.38	62.35	69.79	73.08	62.70	58.10	57.15	7.75	29.40	19.35	67.73	75.58	58.96	52.01	65.58	64.36	84.69	79.45	70.49	59.53	90.96	90.02	83.41	74.82	74.76	78.36	70.45	79.49	73.13	67.80	65.07	67.04	83.79	36.61
36.36	24.22	22.43	28.02	24.10	10.97	8.71	22.00	12.15	12.54	10.48	13.27	13.54	15.37	19.43	15.31	15.74	12.13	13.42	15.18	21.44	19.65	5.12	18.40	10.50	14.91	21.58	32.83	13.65	18.33	15.83	9.26	12.75	25.10	27.42	51.38	21.01	11.46	34.63	29.24	46.06	65.92	55.53	42.34	39.41	31.58	38.07	51.73	25.56	44.50	84.68	75.80	13.05	18.23	16.10	10.99	7.60	44.31	53.25	29.80	31.71	7.56	69.79	3.29	36.26	25.34	15.17	64.53	41.32	50.71	6.46	13.46	12.77	18.87	6.19	5.51	64.42	46.08	39.77	35.07	52.20	44.31	30.12	26.06	32.12	27.63	24.79	30.10	53.62	33.29	25.45	27.90	34.02	55.45
39.31	26.56	25.12	30.71	27.08	10.84	9.95	21.16	12.33	11.97	12.50	13.31	13.47	14.54	19.86	15.87	16.96	12.95	14.91	17.15	21.03	20.54	4.98	19.95	9.44	14.91	23.49	31.45	14.32	20.67	18.50	9.14	15.15	27.85	30.65	54.65	21.89	14.71	37.20	32.52	44.17	63.49	53.36	39.44	37.22	28.99	35.48	49.00	22.76	41.34	81.96	73.11	10.57	15.58	12.88	8.06	5.71	41.57	50.61	26.58	34.83	10.80	73.08	3.29	37.70	27.33	18.02	67.82	44.60	53.99	8.12	12.52	15.78	22.07	8.90	8.79	65.33	46.70	40.93	37.02	52.16	43.91	29.53	26.39	32.67	27.55	25.65	30.01	54.91	34.56	26.95	29.19	33.65	58.35
52.88	51.01	47.06	50.71	44.58	47.03	43.59	58.22	47.90	48.75	43.16	49.10	49.44	51.61	54.37	50.35	49.36	47.10	46.79	46.55	57.41	53.59	41.37	50.56	46.74	50.69	51.60	69.05	48.67	46.88	43.27	45.38	43.11	19.72	40.51	52.84	16.37	35.42	16.06	33.64	81.79	99.99	52.59	54.12	41.89	42.65	46.45	58.19	42.12	61.43	86.20	77.73	47.98	52.47	47.15	44.88	34.38	77.06	86.40	58.64	27.50	32.39	62.70	36.26	37.70	12.31	25.08	61.30	45.44	45.51	29.84	28.82	38.98	37.94	38.71	35.07	95.55	79.09	71.00	62.41	87.02	79.92	66.13	60.80	65.98	63.04	58.31	65.45	83.26	64.55	56.62	59.63	69.73	68.83
41.61	38.73	34.82	38.65	32.54	35.68	31.93	46.92	36.38	37.52	31.17	37.59	37.96	40.43	42.50	38.57	37.34	35.36	34.79	34.37	45.87	41.55	30.35	38.38	35.79	39.14	39.31	58.06	36.91	34.59	30.98	34.10	30.93	8.99	29.14	44.98	10.22	23.17	12.19	23.32	71.39	90.71	55.53	52.08	42.12	39.90	45.01	58.18	37.45	58.02	88.75	79.95	37.89	42.76	38.39	35.10	25.22	68.32	77.54	51.09	18.82	20.49	58.10	25.34	27.33	12.31	12.80	55.30	36.37	39.38	19.22	21.44	26.71	25.76	26.92	23.31	83.26	66.83	58.70	50.18	74.93	68.08	54.55	48.83	53.84	51.21	46.17	53.59	71.01	52.25	44.34	47.36	57.97	58.60
31.59	26.22	22.49	26.86	20.94	24.09	19.93	35.20	24.51	26.08	18.67	25.71	26.12	28.99	30.06	26.27	24.74	23.17	22.24	21.60	33.83	28.91	19.54	25.61	24.85	27.16	26.53	46.60	24.67	21.82	18.21	22.69	18.18	9.96	19.59	40.56	15.13	10.37	19.70	17.18	60.51	80.94	59.98	51.69	44.78	39.67	45.74	59.61	35.26	55.83	91.85	82.90	28.21	33.40	30.67	26.06	18.47	59.49	68.41	44.27	17.32	8.49	57.15	15.17	18.02	25.08	12.80	52.79	30.76	37.79	10.92	18.57	13.91	13.89	14.85	11.47	70.61	54.03	45.96	37.83	62.21	55.58	42.40	36.23	41.08	38.77	33.43	41.11	58.50	39.48	31.54	34.55	45.59	49.97
35.15	50.44	48.12	44.57	43.78	67.11	62.91	74.03	66.17	68.95	59.44	66.88	67.32	70.94	65.85	64.80	61.39	63.74	60.60	57.43	71.29	63.03	66.39	58.91	69.72	67.32	55.40	84.02	64.28	53.43	52.78	66.81	56.41	47.04	37.72	13.59	64.60	53.21	45.40	35.77	98.35	121.11	110.77	104.47	96.67	92.41	98.36	112.12	87.99	108.35	143.73	134.85	75.22	80.13	80.34	74.63	70.38	104.19	111.58	93.78	36.83	57.24	7.75	64.53	67.82	61.30	55.30	52.79	23.36	15.96	63.02	71.36	53.14	46.23	59.95	59.04	76.95	71.82	62.92	52.07	83.34	82.60	76.43	67.84	67.50	71.37	63.48	72.41	65.38	60.43	58.04	59.89	76.63	28.93
15.67	28.46	25.52	23.01	20.90	43.84	39.58	51.32	42.96	45.72	36.14	43.73	44.18	47.81	43.25	41.83	38.47	40.56	37.48	34.40	48.69	40.53	43.03	36.26	46.39	44.27	33.15	61.81	41.19	30.58	29.59	43.49	33.15	27.40	14.38	10.06	44.28	29.93	29.91	13.70	76.38	98.98	90.40	82.14	75.48	70.29	76.45	90.34	65.43	85.49	122.59	113.65	51.86	56.80	57.02	51.28	47.48	81.17	88.83	70.42	17.97	34.19	29.40	41.32	44.60	45.44	36.37	30.76	23.36	12.83	40.32	49.17	29.78	22.87	36.60	35.81	63.76	54.00	44.59	33.19	65.16	62.68	54.61	46.07	46.85	49.60	41.72	50.95	51.04	40.59	36.54	38.85	55.44	24.14
28.34	41.03	37.81	35.75	33.06	54.92	50.47	63.25	54.24	56.89	47.21	55.12	55.58	59.21	55.34	53.54	50.29	51.91	49.02	46.12	60.72	52.71	53.25	48.38	57.20	55.83	45.55	74.04	52.72	42.58	41.10	54.34	44.42	31.28	25.83	10.17	48.82	39.84	29.52	21.47	88.68	111.14	94.90	89.28	80.98	77.13	82.94	96.61	73.03	93.62	127.96	119.10	62.34	67.45	66.78	61.30	55.92	92.56	100.53	80.43	21.14	43.21	19.35	50.71	53.99	45.51	39.38	37.79	15.96	12.83	48.41	56.23	40.48	33.59	46.83	45.35	75.70	66.75	57.35	45.96	77.96	75.48	67.05	58.57	59.61	62.08	54.26	63.54	63.16	53.42	49.19	51.58	68.07	31.85
37.88	27.90	25.32	30.70	25.83	17.39	14.63	28.46	18.48	19.00	15.47	19.64	19.92	21.82	25.57	21.43	21.36	18.17	18.87	19.93	27.86	25.47	11.57	23.59	16.91	21.27	26.17	39.22	19.74	22.23	19.10	15.69	16.90	20.28	27.38	50.33	14.63	12.34	29.31	27.26	52.23	71.58	52.68	41.87	36.80	30.25	36.60	50.50	25.11	45.33	83.23	74.29	18.68	23.63	20.01	16.00	7.56	49.47	58.59	33.46	28.23	6.99	67.73	6.46	8.12	29.84	19.22	10.92	63.02	40.32	48.41	9.65	15.07	19.46	10.61	7.61	69.92	51.90	45.11	39.32	58.44	50.69	36.56	32.19	38.06	33.94	30.56	36.40	58.72	38.55	30.53	33.20	40.41	56.95
47.52	37.17	34.83	40.28	35.48	23.35	22.07	33.19	24.85	24.36	23.88	25.83	25.98	26.73	32.37	28.35	29.14	25.33	26.87	28.55	33.37	32.92	17.47	31.85	21.66	27.42	34.94	42.62	26.76	31.37	28.45	21.66	25.86	25.96	36.78	59.06	12.54	21.99	33.31	35.72	54.03	71.27	43.03	33.11	27.16	21.13	27.31	41.21	16.87	37.62	73.77	64.83	20.70	24.41	18.46	17.31	7.08	48.24	57.59	30.01	35.34	16.64	75.58	13.46	12.52	28.82	21.44	18.57	71.36	49.17	56.23	9.65	24.61	29.06	19.27	16.92	77.75	59.20	53.19	48.35	64.58	56.13	41.68	38.90	45.18	40.00	38.06	42.45	67.07	46.73	38.90	41.34	45.93	66.57
23.59	13.11	10.25	15.67	11.33	14.48	9.99	24.03	13.98	16.49	6.88	14.99	15.46	19.00	17.35	14.22	11.77	11.83	9.61	8.00	22.01	15.65	13.33	11.91	16.73	16.00	12.65	35.48	12.97	8.01	4.43	13.86	4.82	22.03	15.44	39.70	27.26	3.59	31.79	19.60	50.00	71.72	67.58	55.11	51.57	44.21	50.69	64.42	38.31	57.08	97.36	88.46	22.09	27.07	27.45	21.61	20.14	52.15	60.36	40.68	24.50	8.33	58.96	12.77	15.78	38.98	26.71	13.91	53.14	29.78	40.48	15.07	24.61	6.95	7.04	7.78	56.89	40.12	32.13	24.76	48.50	42.33	30.01	22.95	27.34	25.84	19.76	28.03	45.00	25.62	17.64	20.65	32.66	42.69
18.50	13.35	9.22	13.00	7.06	21.33	16.90	30.25	20.70	23.31	13.63	21.62	22.09	25.69	22.90	20.38	17.43	18.42	15.74	13.24	27.98	20.70	20.17	16.45	23.67	22.46	15.38	41.52	19.36	10.91	8.14	20.79	10.95	19.09	8.62	32.83	28.88	7.46	28.13	13.09	56.16	78.17	71.99	60.87	56.22	49.57	55.98	69.83	44.02	63.36	102.65	93.71	29.02	34.02	34.20	28.43	25.73	58.98	67.08	47.55	18.95	12.55	52.01	18.87	22.07	37.94	25.76	13.89	46.23	22.87	33.59	19.46	29.06	6.95	13.75	13.41	57.82	42.49	33.73	24.48	51.89	46.66	35.42	27.65	30.96	30.87	23.87	32.84	45.38	27.59	20.34	23.37	37.54	37.50
30.43	18.05	16.27	21.87	18.22	9.36	5.08	20.35	9.66	11.41	4.86	10.86	11.27	14.27	15.67	11.66	10.91	8.44	8.37	9.36	19.02	15.12	6.45	12.97	10.74	12.32	15.70	31.79	9.99	12.18	9.65	8.15	6.62	24.52	22.36	46.58	24.79	7.04	34.41	25.53	45.86	66.84	61.70	48.34	45.58	37.74	44.23	57.84	31.63	50.08	90.80	81.94	15.51	20.66	20.46	14.68	13.79	46.34	54.88	33.83	29.28	6.46	65.58	6.19	8.90	38.71	26.92	14.85	59.95	36.60	46.83	10.61	19.27	7.04	13.75	3.64	59.31	41.42	34.50	29.07	48.46	41.22	27.66	22.16	27.72	24.34	20.12	26.74	48.13	27.94	19.92	22.58	31.06	49.46
31.24	20.32	17.93	23.42	19.00	12.63	8.62	23.79	13.13	14.61	8.31	14.34	14.73	17.52	19.30	15.29	14.47	12.05	11.91	12.48	22.58	18.70	8.40	16.29	13.48	15.85	18.62	35.15	13.62	14.63	11.55	11.22	9.33	21.32	21.93	45.87	21.31	5.97	31.15	23.89	49.05	69.70	59.81	47.56	43.79	36.49	42.96	56.73	30.72	49.96	89.64	80.73	17.49	22.74	21.43	16.00	12.45	48.72	57.45	35.08	26.86	2.98	64.36	5.51	8.79	35.07	23.31	11.47	59.04	35.81	45.35	7.61	16.92	7.78	13.41	3.64	62.61	44.90	37.76	31.71	52.08	44.86	31.24	25.79	31.27	27.97	23.64	30.38	51.23	31.18	23.11	25.87	34.69	50.37
48.48	44.57	48.61	45.84	51.78	54.74	55.72	47.72	53.09	54.22	54.46	52.26	52.21	52.64	45.59	49.47	48.69	52.42	51.10	50.13	46.18	44.83	60.35	46.35	57.10	50.79	44.30	45.72	51.02	48.88	52.48	56.33	53.42	76.87	57.93	67.16	83.82	60.48	85.33	66.45	50.73	68.22	116.46	97.82	100.76	91.09	97.02	108.38	84.29	94.76	139.48	131.40	60.87	61.16	67.62	63.76	71.02	66.29	67.43	72.57	74.02	64.57	84.69	64.42	65.33	95.55	83.26	70.61	76.95	63.76	75.70	69.92	77.75	56.89	57.82	59.31	62.61	19.14	24.86	33.53	21.21	29.77	40.44	39.40	32.90	39.44	39.69	37.36	12.87	31.44	39.53	36.74	36.07	48.24
38.41	29.30	33.52	32.45	37.59	35.96	37.40	28.58	34.38	35.30	36.60	33.47	33.37	33.58	26.85	30.86	30.55	33.96	33.07	32.67	27.06	26.46	41.73	28.69	38.16	31.94	27.58	27.65	32.48	32.33	35.90	37.60	36.08	61.44	44.76	59.91	66.20	43.67	70.62	53.17	35.77	56.48	97.32	78.76	81.66	71.96	77.87	89.32	65.15	75.98	120.66	112.48	41.76	42.04	48.48	44.69	52.34	49.72	52.56	53.83	60.43	47.16	79.45	46.08	46.70	79.09	66.83	54.03	71.82	54.00	66.75	51.90	59.20	40.12	42.49	41.42	44.90	19.14	9.45	20.83	11.52	14.20	21.53	20.44	14.03	20.30	21.34	18.23	13.26	14.91	22.51	19.48	17.36	45.68
29.04	20.39	24.59	23.09	28.43	30.68	31.12	26.00	28.96	30.51	29.65	28.28	28.30	29.45	21.70	25.25	24.05	27.97	26.37	25.28	23.73	20.43	35.97	21.53	33.34	26.96	19.49	28.95	26.67	24.15	27.76	32.16	28.56	52.80	35.44	50.73	58.97	35.72	61.75	43.91	40.09	62.11	93.25	75.95	77.28	67.98	74.17	86.40	61.20	74.25	118.53	110.09	37.88	39.30	44.98	40.39	46.63	51.96	56.28	52.54	51.25	39.72	70.49	39.77	40.93	71.00	58.70	45.96	62.92	44.59	57.35	45.11	53.19	32.13	33.73	34.50	37.76	24.86	9.45	11.40	20.65	20.37	21.28	16.46	10.48	17.97	15.44	16.82	14.08	6.58	14.67	11.92	18.45	37.88
17.68	11.69	15.37	12.36	18.25	28.44	27.18	28.17	26.70	29.05	24.61	26.48	26.69	29.10	21.14	23.23	20.66	24.91	22.24	19.91	25.36	18.69	32.45	17.32	31.52	25.67	13.54	34.90	24.10	17.09	20.40	29.49	22.50	43.41	24.66	39.55	51.99	28.22	51.80	33.20	48.00	70.64	90.38	75.01	74.24	65.68	72.10	85.15	59.11	74.70	117.90	109.21	37.02	39.86	44.17	38.75	42.54	57.51	63.15	54.18	40.69	33.01	59.53	35.07	37.02	62.41	50.18	37.83	52.07	33.19	45.96	39.32	48.35	24.76	24.48	29.07	31.71	33.53	20.83	11.40	32.00	30.54	26.78	19.05	16.21	22.08	15.54	22.20	20.92	8.63	11.01	10.56	25.65	29.02
49.68	39.19	43.33	43.04	47.73	41.38	43.86	31.74	40.07	40.22	43.87	38.97	38.76	37.90	32.90	37.02	37.67	40.30	40.23	40.62	31.21	33.43	47.38	36.62	42.93	37.34	36.55	26.36	38.72	41.20	44.61	43.11	44.03	70.39	55.15	71.34	73.04	51.91	79.90	63.37	29.53	47.77	99.55	79.67	84.49	74.47	79.92	90.18	67.79	75.62	120.21	112.43	45.22	44.15	51.15	48.50	57.51	45.32	46.23	53.59	70.40	54.65	90.96	52.20	52.16	87.02	74.93	62.21	83.34	65.16	77.96	58.44	64.58	48.50	51.89	48.46	52.08	21.21	11.52	20.65	32.00	9.60	23.34	26.31	21.17	24.62	28.78	22.16	22.06	25.01	31.55	28.54	18.84	57.05
47.81	35.01	38.88	39.78	43.57	33.35	36.35	22.97	32.22	31.96	36.93	31.05	30.78	29.42	25.58	29.57	30.85	32.83	33.34	34.33	22.91	26.73	39.32	30.51	34.52	29.42	31.42	16.75	31.25	35.76	38.86	35.07	37.63	64.36	51.19	69.91	65.31	45.52	74.10	58.96	21.73	42.36	90.06	70.08	75.12	65.06	70.43	80.59	58.43	66.04	110.66	102.84	36.24	34.81	41.88	39.59	49.05	36.59	38.60	43.99	65.56	47.60	90.02	44.31	43.91	79.92	68.08	55.58	82.60	62.68	75.48	50.69	56.13	42.33	46.66	41.22	44.86	29.77	14.20	20.37	30.54	9.60	14.46	19.39	16.03	16.89	22.81	14.49	27.31	22.25	26.84	24.11	10.29	58.24
41.39	26.17	29.25	31.90	34.02	19.17	22.62	8.51	18.23	17.64	23.84	17.03	16.70	15.00	12.67	16.15	18.25	19.24	20.48	22.28	8.72	14.73	25.06	19.06	20.11	15.44	21.49	8.11	17.73	24.86	27.29	20.87	25.20	51.68	41.50	63.08	51.13	32.81	61.57	48.38	21.92	44.70	76.58	57.41	61.29	51.34	56.99	67.97	44.61	54.45	99.14	90.98	21.89	21.03	27.89	25.19	34.60	31.01	36.38	32.31	54.26	34.12	83.41	30.12	29.53	66.13	54.55	42.40	76.43	54.61	67.05	36.56	41.68	30.01	35.42	27.66	31.24	40.44	21.53	21.28	26.78	23.34	14.46	8.59	11.14	5.06	12.96	4.66	33.69	18.57	18.39	16.87	4.55	55.77
32.83	17.61	20.83	23.31	25.63	15.57	17.57	9.68	14.06	14.85	17.66	13.08	12.96	13.28	6.63	10.76	11.50	14.02	14.03	14.96	7.27	7.34	21.45	11.25	17.72	11.52	13.06	16.36	12.46	16.82	19.65	17.25	18.23	44.97	33.19	54.48	46.76	26.12	54.74	40.38	30.51	53.28	77.24	59.52	61.42	51.89	57.98	70.00	45.09	57.83	102.07	93.64	21.64	22.84	28.64	24.40	31.97	38.51	44.56	36.31	46.60	28.42	74.82	26.06	26.39	60.80	48.83	36.23	67.84	46.07	58.57	32.19	38.90	22.95	27.65	22.16	25.79	39.40	20.44	16.46	19.05	26.31	19.39	8.59	6.51	3.54	4.37	5.18	30.31	11.73	9.82	8.64	9.89	47.75
32.40	18.98	22.88	23.86	27.55	21.93	23.47	15.63	20.34	21.33	22.98	19.44	19.36	19.79	12.81	16.84	16.81	19.99	19.37	19.48	13.58	12.61	27.70	15.47	24.20	17.93	15.59	19.15	18.48	20.14	23.47	23.57	22.91	49.25	35.16	54.49	52.50	30.75	58.81	43.00	31.79	54.44	83.75	65.86	67.94	58.39	64.45	76.36	51.58	63.87	108.28	99.90	28.13	29.08	35.08	30.91	38.30	42.14	47.18	42.08	49.74	33.71	74.76	32.12	32.67	65.98	53.84	41.08	67.50	46.85	59.61	38.06	45.18	27.34	30.96	27.72	31.27	32.90	14.03	10.48	16.21	21.17	16.03	11.14	6.51	7.48	7.67	6.51	23.97	7.66	10.84	8.09	9.44	45.18
36.33	21.14	24.31	26.84	29.10	16.77	19.49	8.35	15.48	15.65	20.10	14.37	14.14	13.53	8.72	12.68	14.14	15.95	16.56	17.92	6.84	10.24	22.77	14.42	18.42	12.73	16.54	12.96	14.37	20.14	22.79	18.49	21.05	47.76	36.64	58.02	48.56	28.86	57.59	43.70	26.98	49.76	77.02	58.67	61.39	51.66	57.58	69.21	44.86	56.46	100.94	92.62	21.50	21.86	28.18	24.53	32.96	35.44	41.22	34.61	49.79	30.73	78.36	27.63	27.55	63.04	51.21	38.77	71.37	49.60	62.08	33.94	40.00	25.84	30.87	24.34	27.97	39.44	20.30	17.97	22.08	24.62	16.89	5.06	3.54	7.48	7.91	2.47	31.31	14.22	13.33	11.92	6.84	50.96
28.49	13.26	16.60	18.94	21.39	15.24	16.09	12.63	13.53	15.11	15.34	12.84	12.87	14.34	6.33	9.84	9.22	12.73	11.75	11.84	9.82	5.15	20.67	7.85	17.92	11.55	8.86	20.64	11.34	12.96	16.07	16.75	15.25	41.75	28.99	50.12	44.91	23.13	51.40	36.37	34.87	57.63	77.84	60.94	61.85	52.61	58.85	71.31	45.85	59.86	103.71	95.16	22.70	24.78	29.88	25.03	31.35	42.44	48.75	38.84	42.79	26.04	70.45	24.79	25.65	58.31	46.17	33.43	63.48	41.72	54.26	30.56	38.06	19.76	23.87	20.12	23.64	39.69	21.34	15.44	15.54	28.78	22.81	12.96	4.37	7.67	7.91	9.31	29.52	9.53	5.52	5.01	13.94	43.80
37.28	22.51	25.90	28.04	30.70	19.23	21.93	10.37	17.95	18.09	22.45	16.83	16.61	15.90	11.09	15.11	16.41	18.38	18.87	20.06	9.19	12.38	25.23	16.42	20.84	15.20	18.14	12.74	16.80	22.01	24.82	20.96	23.26	50.01	38.29	59.15	51.02	31.12	59.81	45.55	26.09	48.87	79.16	60.57	63.59	53.81	59.67	71.12	47.01	58.09	102.67	94.41	23.74	23.81	30.30	26.83	35.40	35.66	40.95	36.10	51.79	33.11	79.49	30.10	30.01	65.45	53.59	41.11	72.41	50.95	63.54	36.40	42.45	28.03	32.84	26.74	30.38	37.36	18.23	16.82	22.20	22.16	14.49	4.66	5.18	6.51	2.47	9.31	29.71	13.92	14.44	12.57	4.71	51.21
35.66	32.29	36.21	33.12	39.13	44.75	45.04	39.59	43.03	44.58	43.33	42.36	42.38	43.47	35.78	39.31	37.97	41.98	40.20	38.79	37.53	34.47	49.98	35.25	47.42	41.04	32.65	40.50	40.71	37.02	40.57	46.22	41.92	64.33	45.11	54.93	72.19	48.56	72.61	53.62	48.99	69.24	107.33	89.82	91.36	82.04	88.21	100.31	75.25	87.76	132.24	123.87	51.88	53.05	58.94	54.45	60.61	62.90	65.80	65.81	61.19	52.96	73.13	53.62	54.91	83.26	71.01	58.50	65.38	51.04	63.16	58.72	67.07	45.00	45.38	48.13	51.23	12.87	13.26	14.08	20.92	22.06	27.31	33.69	30.31	23.97	31.31	29.52	29.71	20.36	28.22	25.74	29.95	37.25
25.56	14.41	18.62	18.05	22.81	24.55	24.69	21.38	22.81	24.58	23.09	22.23	22.30	23.86	15.86	19.09	17.61	21.64	19.87	18.70	18.80	14.22	29.64	14.97	27.36	21.02	12.97	26.66	20.42	17.67	21.28	25.96	21.98	46.58	30.15	47.66	52.38	29.20	55.71	38.44	39.43	62.03	87.24	70.47	71.20	62.07	68.34	80.84	55.32	69.26	113.22	104.68	32.23	34.17	39.41	34.52	40.26	49.54	54.81	47.97	45.61	33.14	67.80	33.29	34.56	64.55	52.25	39.48	60.43	40.59	53.42	38.55	46.73	25.62	27.59	27.94	31.18	31.44	14.91	6.58	8.63	25.01	22.25	18.57	11.73	7.66	14.22	9.53	13.92	20.36	8.08	5.39	17.08	37.53
23.00	8.22	12.05	13.60	16.73	17.62	17.01	17.72	15.86	18.09	15.11	15.54	15.73	18.09	10.20	12.29	10.07	14.29	12.07	10.63	14.83	7.67	22.14	7.05	20.65	14.67	5.08	26.15	13.30	9.82	13.39	18.81	13.89	39.03	24.36	44.73	44.30	21.21	48.40	32.17	40.31	63.09	80.07	64.15	63.97	55.12	61.49	74.36	48.47	63.70	107.03	98.37	26.04	28.87	33.21	27.89	32.62	47.85	54.26	43.24	38.96	25.06	65.07	25.45	26.95	56.62	44.34	31.54	58.04	36.54	49.19	30.53	38.90	17.64	20.34	19.92	23.11	39.53	22.51	14.67	11.01	31.55	26.84	18.39	9.82	10.84	13.33	5.52	14.44	28.22	8.08	3.06	18.90	38.47
24.75	10.91	14.91	15.83	19.50	19.34	19.30	17.62	17.58	19.52	17.73	17.08	17.20	19.09	11.01	13.88	12.23	16.30	14.48	13.42	14.82	9.02	24.28	9.61	22.23	15.99	8.13	24.87	15.13	12.88	16.43	20.68	16.76	42.09	27.10	46.72	47.13	24.21	51.44	35.04	38.66	61.44	82.01	65.57	65.95	56.91	63.22	75.88	50.19	64.72	108.40	99.81	27.33	29.68	34.53	29.45	34.89	47.14	53.14	43.82	41.92	27.92	67.04	27.90	29.19	59.63	47.36	34.55	59.89	38.85	51.58	33.20	41.34	20.65	23.37	22.58	25.87	36.74	19.48	11.92	10.56	28.54	24.11	16.87	8.64	8.09	11.92	5.01	12.57	25.74	5.39	3.06	16.75	39.11
41.48	27.05	30.54	32.46	35.33	23.06	26.14	12.90	21.94	21.69	26.92	20.77	20.49	19.20	15.53	19.41	20.98	22.64	23.39	24.72	12.63	17.03	29.03	21.12	24.28	19.14	22.80	10.64	21.07	26.71	29.51	24.78	27.88	54.60	42.93	63.47	55.02	35.70	64.43	50.25	22.36	45.01	81.13	61.86	65.84	55.90	61.53	72.43	49.16	58.71	103.43	95.33	26.38	25.58	32.45	29.65	38.85	33.55	37.98	36.53	56.49	37.48	83.79	34.02	33.65	69.73	57.97	45.59	76.63	55.44	68.07	40.41	45.93	32.66	37.54	31.06	34.69	36.07	17.36	18.45	25.65	18.84	10.29	4.55	9.89	9.44	6.84	13.94	4.71	29.95	17.08	18.90	16.75	54.60
19.12	33.39	33.49	28.03	31.37	53.16	50.15	56.17	51.68	54.45	46.69	51.92	52.27	55.45	48.30	48.99	45.69	49.36	46.09	42.88	53.28	45.48	55.02	42.40	56.26	51.68	38.14	63.86	49.21	38.64	39.99	53.60	43.62	49.71	30.38	21.79	64.89	44.70	53.78	35.35	76.96	99.50	109.46	97.78	93.72	86.86	93.31	107.10	81.00	99.26	140.00	131.09	62.14	66.07	68.75	62.86	62.81	86.23	92.14	80.61	41.45	49.99	36.61	55.45	58.35	68.83	58.60	49.97	28.93	24.14	31.85	56.95	66.57	42.69	37.50	49.46	50.37	48.24	45.68	37.88	29.02	57.05	58.24	55.77	47.75	45.18	50.96	43.80	51.21	37.25	37.53	38.47	39.11	54.60
]; 
